5 0.5731292517006803 0.4527027027027027 0.023809523809523808 0.04954954954954955
5 0.08333333333333333 0.4617117117117117 0.023809523809523808 0.04054054054054054
5 0.4916666666666667 0.5382882882882883 0.027210884353741496 0.04054054054054054
5 0.3554421768707483 0.5900900900900901 0.04421768707482993 0.04504504504504504
5 0.6972789115646258 0.5945945945945946 0.04081632653061224 0.036036036036036036
5 0.6026530612244898 0.595 0.034013605442176874 0.05405405405405406
5 0.49489795918367346 0.6013513513513513 0.030612244897959183 0.04954954954954955
5 0.576530612244898 0.6373873873873874 0.03741496598639456 0.05855855855855856
5 0.4596598639455782 0.6441441441441441 0.030612244897959183 0.04504504504504504
5 0.15136054421768708 0.6644144144144144 0.03741496598639456 0.04054054054054054
5 0.7454761904761904 0.6677927927927928 0.03741496598639456 0.05405405405405406
5 0.12585034013605442 0.6801801801801802 0.027210884353741496 0.036036036036036036
5 0.5941836734693877 0.7094594594594594 0.034013605442176874 0.04954954954954955
5 0.6972789115646258 0.7387387387387387 0.034013605442176874 0.05405405405405406
5 0.6479591836734694 0.7522522522522522 0.04421768707482993 0.04504504504504504
5 0.8554421768707483 0.7725225225225225 0.03741496598639456 0.05855855855855856
5 0.5663265306122449 0.795045045045045 0.03741496598639456 0.04054054054054054
5 0.7595918367346939 0.8288288288288288 0.030612244897959183 0.04504504504504504
5 0.8979591836734694 0.831081081081081 0.02040816326530612 0.04054054054054054
5 0.6154761904761904 0.8372522522522523 0.030612244897959183 0.04054054054054054
5 0.5109863945578231 0.8697747747747748 0.030612244897959183 0.05405405405405406
5 0.4449659863945578 0.9234234234234234 0.04081632653061224 0.06306306306306306
5 0.5505442176870748 0.952927927927928 0.023809523809523808 0.036036036036036036
5 0.5304421768707482 0.9537387387387387 0.023809523809523808 0.04504504504504504
5 0.19622448979591836 0.36423423423423423 0.030612244897959183 0.04504504504504504
5 0.5527210884353742 0.3673423423423423 0.030612244897959183 0.036036036036036036