1 0.608843537414966 0.49324324324324326 0.04081632653061224 0.04954954954954955
1 0.4846938775510204 0.5022522522522522 0.04421768707482993 0.04954954954954955
1 0.3622448979591837 0.5067567567567568 0.04421768707482993 0.04954954954954955
1 0.26700680272108845 0.5337837837837838 0.04421768707482993 0.04954954954954955
1 0.27380952380952384 0.05630630630630631 0.06462585034013606 0.04954954954954955
1 0.25170068027210885 0.6171171171171171 0.09523809523809523 0.07207207207207207
1 0.35714285714285715 0.06531531531531531 0.047619047619047616 0.05855855855855856
1 0.41156462585034015 0.6554054054054054 0.05442176870748299 0.06756756756756757
1 0.5221088435374149 0.6554054054054054 0.05102040816326531 0.04054054054054054
1 0.35714285714285715 0.6734234234234234 0.07482993197278912 0.06756756756756757
1 0.4523809523809524 0.7297297297297297 0.04081632653061224 0.036036036036036036
1 0.4064625850340136 0.7545045045045045 0.05102040816326531 0.04954954954954955
1 0.6751700680272109 0.7702702702702703 0.0782312925170068 0.06306306306306306
1 0.41496598639455784 0.8130630630630631 0.05442176870748299 0.04954954954954955
1 0.2891156462585034 0.11936936936936937 0.061224489795918366 0.04954954954954955
1 0.38945578231292516 0.17117117117117117 0.05782312925170068 0.05405405405405406
1 0.6955782312925171 0.17567567567567569 0.07142857142857142 0.07207207207207207
1 0.6173469387755102 0.18693693693693694 0.03741496598639456 0.04054054054054054
1 0.5629251700680272 0.20045045045045046 0.07142857142857142 0.05855855855855856
1 0.35714285714285715 0.2072072072072072 0.061224489795918366 0.06306306306306306
1 0.23639455782312926 0.22522522522522523 0.03741496598639456 0.04504504504504504
1 0.4574829931972789 0.2635135135135135 0.07142857142857142 0.08558558558558559
1 0.6139455782312925 0.2635135135135135 0.06462585034013606 0.06756756756756757
1 0.3299319727891156 0.26576576576576577 0.06802721088435375 0.06306306306306306
1 0.7891156462585034 0.27927927927927926 0.047619047619047616 0.04504504504504504
1 0.5578231292517006 0.3063063063063063 0.08843537414965986 0.07207207207207207
1 0.4421768707482993 0.31981981981981983 0.08843537414965986 0.05405405405405406
1 0.6632653061224489 0.32207207207207206 0.05442176870748299 0.05855855855855856
1 0.3554421768707483 0.3490990990990991 0.08503401360544217 0.06756756756756757
1 0.7397959183673469 0.35135135135135137 0.05782312925170068 0.06306306306306306
1 0.30272108843537415 0.3918918918918919 0.05442176870748299 0.06306306306306306
1 0.3673469387755102 0.4144144144144144 0.061224489795918366 0.06306306306306306
1 0.40816326530612246 0.4166666666666667 0.061224489795918366 0.05855855855855856
1 0.6326530612244898 0.42792792792792794 0.047619047619047616 0.06306306306306306
1 0.7108843537414966 0.4346846846846847 0.08843537414965986 0.05855855855855856
1 0.445578231292517 0.44819819819819817 0.061224489795918366 0.05855855855855856