1 0.48639455782312924 0.4617117117117117 0.047619047619047616 0.06756756756756757
1 0.22448979591836735 0.6126126126126126 0.05442176870748299 0.08108108108108109
1 0.3979591836734694 0.6441441441441441 0.08163265306122448 0.10810810810810811
1 0.2942176870748299 0.6756756756756757 0.06462585034013606 0.07207207207207207
1 0.6326530612244898 0.722972972972973 0.061224489795918366 0.08558558558558559
1 0.24829931972789115 0.7432432432432432 0.08843537414965986 0.0990990990990991
1 0.23809523809523808 0.8108108108108109 0.07482993197278912 0.05405405405405406
1 0.3112244897959184 0.11261261261261261 0.04421768707482993 0.05405405405405406
1 0.3741496598639456 0.3333333333333333 0.061224489795918366 0.10810810810810811
1 0.5782312925170068 0.3783783783783784 0.05442176870748299 0.05405405405405406
1 0.26700680272108845 0.38738738738738737 0.06462585034013606 0.07207207207207207