5 0.37244897959183676 0.46396396396396394 0.030612244897959183 0.02702702702702703
5 0.6326530612244898 0.48423423423423423 0.04081632653061224 0.04054054054054054
5 0.6207482993197279 0.527027027027027 0.04421768707482993 0.036036036036036036
5 0.6020408163265306 0.6283783783783784 0.061224489795918366 0.07657657657657657
5 0.7534013605442177 0.6396396396396397 0.04421768707482993 0.04504504504504504
3 0.26360544217687076 0.6418918918918919 0.05782312925170068 0.04954954954954955
1 0.3843537414965986 0.6486486486486487 0.034013605442176874 0.036036036036036036
5 0.7295918367346939 0.7454954954954955 0.03741496598639456 0.04054054054054054
5 0.5238095238095238 0.7522522522522522 0.04081632653061224 0.036036036036036036
5 0.6309523809523809 0.7635135135135135 0.03741496598639456 0.06756756756756757
4 0.46258503401360546 0.7680180180180181 0.047619047619047616 0.04954954954954955
4 0.5663265306122449 0.8040540540540541 0.04421768707482993 0.05855855855855856
1 0.42517006802721086 0.8063063063063063 0.04081632653061224 0.06306306306306306
3 0.3520408163265306 0.8130630630630631 0.05782312925170068 0.06756756756756757
1 0.6258503401360545 0.8558558558558559 0.034013605442176874 0.05405405405405406
3 0.13435374149659865 0.8693693693693694 0.05102040816326531 0.05405405405405406
5 0.5459183673469388 0.9121621621621622 0.03741496598639456 0.04954954954954955