1 0.19727891156462585 0.6351351351351351 0.04081632653061224 0.04504504504504504
4 0.19387755102040816 0.6531531531531531 0.11564625850340136 0.10810810810810811
1 0.21258503401360543 0.6644144144144144 0.04421768707482993 0.04054054054054054
4 0.9319727891156463 0.8040540540540541 0.047619047619047616 0.06756756756756757
1 0.49829931972789115 0.8175675675675675 0.0782312925170068 0.0945945945945946
1 0.2942176870748299 0.831081081081081 0.06462585034013606 0.06756756756756757
4 0.6513605442176871 0.8761261261261262 0.07142857142857142 0.05855855855855856
1 0.17346938775510204 0.16216216216216217 0.09523809523809523 0.09009009009009009
4 0.6870748299319728 0.18018018018018017 0.07482993197278912 0.07207207207207207
1 0.2891156462585034 0.25900900900900903 0.05442176870748299 0.06756756756756757
4 0.9795918367346939 0.268018018018018 0.04081632653061224 0.07657657657657657