2 0.304421768707483 0.04954954954954955 0.05102040816326531 0.07207207207207207
1 0.413265306122449 0.5495495495495496 0.05102040816326531 0.06306306306306306
1 0.9387755102040817 0.6373873873873874 0.04081632653061224 0.1036036036036036
1 0.8061224489795918 0.6486486486486487 0.061224489795918366 0.06306306306306306
4 0.8384353741496599 0.7680180180180181 0.07142857142857142 0.07657657657657657
1 0.7329931972789115 0.7972972972972973 0.05102040816326531 0.06306306306306306
1 0.7755102040816326 0.8581081081081081 0.05442176870748299 0.06756756756756757
1 0.7210884353741497 0.8986486486486487 0.04081632653061224 0.06756756756756757
4 0.2789115646258503 0.16441441441441443 0.05442176870748299 0.04954954954954955
1 0.8690476190476191 0.1981981981981982 0.04421768707482993 0.05405405405405406
1 0.7142857142857143 0.28378378378378377 0.04081632653061224 0.07207207207207207
1 0.9370748299319728 0.3783783783783784 0.06462585034013606 0.06306306306306306
2 0.6394557823129252 0.4099099099099099 0.08163265306122448 0.0990990990990991