1 0.6870748299319728 0.5022522522522522 0.08843537414965986 0.0945945945945946
1 0.5850340136054422 0.5045045045045045 0.08843537414965986 0.10810810810810811
1 0.9727891156462585 0.5157657657657657 0.05442176870748299 0.1036036036036036
1 0.70578231292517 0.5855855855855856 0.06462585034013606 0.06306306306306306
1 0.5340136054421769 0.6058558558558559 0.08843537414965986 0.0945945945945946
1 0.358843537414966 0.6283783783783784 0.09863945578231292 0.1036036036036036
1 0.685374149659864 0.7004504504504504 0.11904761904761904 0.11261261261261261
1 0.44387755102040816 0.7117117117117117 0.07142857142857142 0.0990990990990991
1 0.5935374149659864 0.7387387387387387 0.09863945578231292 0.09009009009009009
1 0.3758503401360544 0.740990990990991 0.08503401360544217 0.12162162162162163
1 0.2568027210884354 0.831081081081081 0.09183673469387756 0.07657657657657657
1 0.40476190476190477 0.8693693693693694 0.07482993197278912 0.09009009009009009
1 0.17857142857142858 0.8896396396396397 0.05782312925170068 0.05855855855855856
3 0.5918367346938775 0.9031531531531531 0.07482993197278912 0.13963963963963963
1 0.3163265306122449 0.9211711711711712 0.05442176870748299 0.06756756756756757
1 0.24489795918367346 0.954954954954955 0.08163265306122448 0.06306306306306306
1 0.42346938775510207 0.9594594594594594 0.12585034013605442 0.07207207207207207
1 0.5510204081632653 0.26126126126126126 0.06802721088435375 0.08108108108108109
1 0.4846938775510204 0.268018018018018 0.07142857142857142 0.08558558558558559
1 0.47278911564625853 0.38513513513513514 0.10884353741496598 0.0945945945945946
4 0.814625850340136 0.4099099099099099 0.06462585034013606 0.08108108108108109
1 0.7414965986394558 0.41216216216216217 0.09523809523809523 0.0945945945945946