3 0.38095238095238093 0.4572072072072072 0.05442176870748299 0.03153153153153153
3 0.45408163265306123 0.5022522522522522 0.07142857142857142 0.04954954954954955
3 0.5408163265306123 0.5653153153153153 0.047619047619047616 0.04954954954954955
3 0.3469387755102041 0.6148648648648649 0.05442176870748299 0.04954954954954955
0 0.6836734693877551 0.668918918918919 0.05442176870748299 0.06756756756756757
4 0.467687074829932 0.6869369369369369 0.05102040816326531 0.06756756756756757
0 0.8996598639455783 0.6891891891891891 0.05102040816326531 0.05405405405405406
0 0.7431972789115646 0.7162162162162162 0.05782312925170068 0.07207207207207207
0 0.8724489795918368 0.722972972972973 0.05782312925170068 0.05855855855855856
4 0.3010204081632653 0.75 0.05102040816326531 0.04054054054054054
3 0.445578231292517 0.8243243243243243 0.047619047619047616 0.07207207207207207
3 0.413265306122449 0.8603603603603603 0.05102040816326531 0.04504504504504504
3 0.36904761904761907 0.8806306306306306 0.03741496598639456 0.06756756756756757
3 0.7278911564625851 0.9166666666666666 0.08163265306122448 0.04954954954954955
3 0.5527210884353742 0.16216216216216217 0.05782312925170068 0.07207207207207207
0 0.6190476190476191 0.20945945945945946 0.034013605442176874 0.05855855855855856
3 0.8418367346938775 0.3310810810810811 0.0782312925170068 0.06756756756756757
3 0.2261904761904762 0.3738738738738739 0.07142857142857142 0.05405405405405406
3 0.7755102040816326 0.43243243243243246 0.05442176870748299 0.07207207207207207