1 0.6921768707482994 0.49774774774774777 0.0782312925170068 0.0945945945945946
1 0.5221088435374149 0.5 0.0782312925170068 0.0990990990990991
1 0.608843537414966 0.5788288288288288 0.07482993197278912 0.11261261261261261
1 0.5714285714285714 0.6779279279279279 0.08163265306122448 0.1036036036036036
1 0.3282312925170068 0.704954954954955 0.05782312925170068 0.0945945945945946
1 0.4336734693877551 0.8806306306306306 0.05782312925170068 0.06756756756756757
1 0.3741496598639456 0.11711711711711711 0.08843537414965986 0.12612612612612611
1 0.4058503401360544 0.21662162162162163 0.06462585034013606 0.07207207207207207
1 0.673469387755102 0.240990990990991 0.09523809523809523 0.0945945945945946
1 0.6275510204081632 0.38288288288288286 0.0782312925170068 0.09009009009009009
1 0.3877551020408163 0.3963963963963964 0.061224489795918366 0.06306306306306306
1 0.7329931972789115 0.4099099099099099 0.05102040816326531 0.08108108108108109
1 0.467687074829932 0.4369369369369369 0.0782312925170068 0.0990990990990991