0 0.7142857142857143 0.4572072072072072 0.034013605442176874 0.06756756756756757
0 0.7346938775510204 0.48873873873873874 0.027210884353741496 0.05855855855855856
0 0.2261904761904762 0.5382882882882883 0.04421768707482993 0.04954954954954955
0 0.28401360544217685 0.05630630630630631 0.11904761904761904 0.06756756756756757
0 0.3163265306122449 0.5540540540540541 0.11564625850340136 0.08108108108108109
0 0.7891156462585034 0.5900900900900901 0.04081632653061224 0.04504504504504504
0 0.7448979591836735 0.6013513513513513 0.05442176870748299 0.07657657657657657
0 0.4880952380952381 0.09009009009009009 0.05102040816326531 0.08108108108108109
0 0.09693877551020408 0.10585585585585586 0.09183673469387756 0.04954954954954955
0 0.4489795918367347 0.11261261261261261 0.06802721088435375 0.06306306306306306
0 0.4880952380952381 0.16216216216216217 0.0782312925170068 0.036036036036036036
0 0.10204081632653061 0.2072072072072072 0.06802721088435375 0.05405405405405406
0 0.36904761904761907 0.21396396396396397 0.07142857142857142 0.07657657657657657
0 0.4302721088435374 0.22522522522522523 0.06462585034013606 0.06306306306306306
0 0.6241496598639455 0.24324324324324326 0.05782312925170068 0.05405405405405406
0 0.8248299319727891 0.25900900900900903 0.05782312925170068 0.08558558558558559
0 0.09013605442176871 0.2635135135135135 0.06462585034013606 0.07657657657657657
0 0.46258503401360546 0.28378378378378377 0.05442176870748299 0.06306306306306306
0 0.564625850340136 0.2927927927927928 0.061224489795918366 0.06306306306306306
0 0.5357142857142857 0.34234234234234234 0.05102040816326531 0.09009009009009009
0 0.1870748299319728 0.36936936936936937 0.04081632653061224 0.07207207207207207
0 0.4914965986394558 0.38063063063063063 0.04421768707482993 0.05855855855855856
0 0.5391156462585034 0.42792792792792794 0.05102040816326531 0.07207207207207207
0 0.6768707482993197 0.43018018018018017 0.034013605442176874 0.05855855855855856
2 0.38605442176870747 0.44144144144144143 0.11904761904761904 0.15315315315315314
0 0.29081632653061223 0.44819819819819817 0.04421768707482993 0.06756756756756757