5 0.6224489795918368 0.5 0.047619047619047616 0.05405405405405406
0 0.6666666666666666 0.5067567567567568 0.05442176870748299 0.06756756756756757
0 0.42857142857142855 0.5382882882882883 0.047619047619047616 0.07657657657657657
5 0.5884353741496599 0.6441441441441441 0.05442176870748299 0.06306306306306306
5 0.6241496598639455 0.668918918918919 0.03741496598639456 0.04954954954954955
0 0.7653061224489796 0.740990990990991 0.06802721088435375 0.04954954954954955
5 0.7227891156462585 0.8288288288288288 0.04421768707482993 0.036036036036036036
2 0.9030612244897959 0.9099099099099099 0.08503401360544217 0.10810810810810811
0 0.413265306122449 0.9256756756756757 0.06462585034013606 0.06756756756756757
0 0.6819727891156463 0.15990990990990991 0.05102040816326531 0.04054054054054054
0 0.923469387755102 0.3761261261261261 0.05102040816326531 0.04954954954954955
0 0.9489795918367347 0.43243243243243246 0.04081632653061224 0.04504504504504504