3 0.3282312925170068 0.4774774774774775 0.05102040816326531 0.05405405405405406
1 0.25510204081632654 0.4797297297297297 0.05442176870748299 0.05855855855855856
3 0.17346938775510204 0.545045045045045 0.047619047619047616 0.05405405405405406
3 0.4880952380952381 0.5608108108108109 0.06462585034013606 0.05855855855855856
4 0.7193877551020408 0.581081081081081 0.03741496598639456 0.05405405405405406
3 0.16666666666666666 0.5990990990990991 0.05442176870748299 0.05405405405405406
3 0.45068027210884354 0.6013513513513513 0.03741496598639456 0.06756756756756757
3 0.477891156462585 0.6171171171171171 0.04421768707482993 0.06306306306306306
3 0.18027210884353742 0.6621621621621622 0.04081632653061224 0.036036036036036036
3 0.5187074829931972 0.668918918918919 0.05102040816326531 0.04954954954954955
3 0.09523809523809523 0.7072072072072072 0.047619047619047616 0.06306306306306306
3 0.5034013605442177 0.7297297297297297 0.047619047619047616 0.08108108108108109
4 0.6326530612244898 0.11711711711711711 0.047619047619047616 0.08108108108108109
0 0.09693877551020408 0.15315315315315314 0.04421768707482993 0.06306306306306306
0 0.23299319727891157 0.20945945945945946 0.0782312925170068 0.07657657657657657
3 0.576530612244898 0.22972972972972974 0.06462585034013606 0.08108108108108109
3 0.3877551020408163 0.3333333333333333 0.05442176870748299 0.06306306306306306
3 0.5510204081632653 0.36486486486486486 0.09523809523809523 0.08108108108108109
3 0.2857142857142857 0.36486486486486486 0.06802721088435375 0.07207207207207207
3 0.38945578231292516 0.3738738738738739 0.06462585034013606 0.05405405405405406
3 0.2925170068027211 0.41216216216216217 0.05442176870748299 0.05855855855855856
3 0.5187074829931972 0.4144144144144144 0.06462585034013606 0.07207207207207207
3 0.445578231292517 0.4166666666666667 0.04081632653061224 0.05855855855855856