2 0.22108843537414966 0.4752252252252252 0.05442176870748299 0.08558558558558559
2 0.18877551020408162 0.527027027027027 0.04421768707482993 0.07207207207207207
2 0.3112244897959184 0.5405405405405406 0.07142857142857142 0.06306306306306306
2 0.35714285714285715 0.5945945945945946 0.06802721088435375 0.06306306306306306
2 0.2619047619047619 0.6148648648648649 0.061224489795918366 0.04954954954954955
3 0.20918367346938777 0.6193693693693694 0.03741496598639456 0.04954954954954955
3 0.18197278911564627 0.7297297297297297 0.05782312925170068 0.05405405405405406
2 0.46598639455782315 0.07882882882882883 0.047619047619047616 0.05855855855855856
2 0.4931972789115646 0.15315315315315314 0.047619047619047616 0.06306306306306306
2 0.44387755102040816 0.36711711711711714 0.04421768707482993 0.04954954954954955
2 0.3622448979591837 0.44594594594594594 0.06462585034013606 0.05405405405405406
2 0.2534013605442177 0.44594594594594594 0.05102040816326531 0.08108108108108109