0 0.5629251700680272 0.4527027027027027 0.04421768707482993 0.04954954954954955
0 0.7551020408163265 0.46396396396396394 0.034013605442176874 0.04504504504504504
0 0.7159863945578231 0.5292792792792793 0.06462585034013606 0.05855855855855856
0 0.6377551020408163 0.6081081081081081 0.07142857142857142 0.08108108108108109
0 0.6785714285714286 0.6756756756756757 0.08503401360544217 0.09009009009009009
0 0.46258503401360546 0.7432432432432432 0.06802721088435375 0.06306306306306306
0 0.5969387755102041 0.32207207207207206 0.05782312925170068 0.04054054054054054
0 0.6700680272108843 0.3490990990990991 0.05442176870748299 0.08558558558558559
0 0.6649659863945578 0.36261261261261263 0.05102040816326531 0.04954954954954955
0 0.5493197278911565 0.38063063063063063 0.03741496598639456 0.07657657657657657
0 0.6887755102040817 0.4166666666666667 0.06462585034013606 0.04954954954954955
0 0.5969387755102041 0.42792792792792794 0.03741496598639456 0.04504504504504504