2 0.7963945578231292 0.4774774774774775 0.05782312925170068 0.06306306306306306
3 0.2755102040816326 0.5045045045045045 0.061224489795918366 0.11711711711711711
4 0.8435374149659864 0.581081081081081 0.061224489795918366 0.05405405405405406
4 0.7806122448979592 0.6306306306306306 0.023809523809523808 0.036036036036036036
4 0.467687074829932 0.6351351351351351 0.07142857142857142 0.06306306306306306
4 0.608843537414966 0.6418918918918919 0.061224489795918366 0.0945945945945946
2 0.0782312925170068 0.6509009009009009 0.07482993197278912 0.0945945945945946
4 0.5238095238095238 0.6531531531531531 0.061224489795918366 0.07207207207207207
4 0.7585034013605442 0.7207207207207207 0.04081632653061224 0.05405405405405406
4 0.8367346938775511 0.7545045045045045 0.047619047619047616 0.04054054054054054
4 0.576530612244898 0.786036036036036 0.06462585034013606 0.04954954954954955
4 0.5408163265306123 0.7972972972972973 0.05442176870748299 0.06306306306306306
2 0.8573129251700681 0.4434684684684685 0.05102040816326531 0.06306306306306306