3 0.7585034013605442 0.49324324324324326 0.061224489795918366 0.05855855855855856
3 0.8231292517006803 0.5225225225225225 0.047619047619047616 0.0990990990990991
3 0.5306122448979592 0.5743243243243243 0.08843537414965986 0.08558558558558559
3 0.5935374149659864 0.6148648648648649 0.05782312925170068 0.0945945945945946
0 0.8214285714285714 0.6756756756756757 0.05782312925170068 0.09009009009009009
3 0.608843537414966 0.8220720720720721 0.08843537414965986 0.12162162162162163
0 0.8010204081632653 0.8648648648648649 0.05782312925170068 0.07207207207207207
0 0.5153061224489796 0.13063063063063063 0.07142857142857142 0.08108108108108109
4 0.7397959183673469 0.23423423423423423 0.05782312925170068 0.07207207207207207
0 0.4200680272108844 0.3063063063063063 0.07142857142857142 0.09009009009009009
5 0.5527210884353742 0.36036036036036034 0.04421768707482993 0.06306306306306306
5 0.4880952380952381 0.38288288288288286 0.05102040816326531 0.07207207207207207
5 0.5612244897959183 0.42117117117117114 0.05442176870748299 0.04954954954954955