3 0.814625850340136 0.4752252252252252 0.07142857142857142 0.07657657657657657
0 0.7346938775510204 0.5022522522522522 0.05442176870748299 0.06756756756756757
2 0.1836734693877551 0.740990990990991 0.07482993197278912 0.07657657657657657
2 0.2925170068027211 0.7927927927927928 0.06802721088435375 0.06306306306306306
3 0.1836734693877551 0.08333333333333333 0.05442176870748299 0.06756756756756757
2 0.7193877551020408 0.8355855855855856 0.0782312925170068 0.06756756756756757
3 0.8673469387755102 0.20045045045045046 0.047619047619047616 0.0945945945945946
3 0.8129251700680272 0.23873873873873874 0.05442176870748299 0.07207207207207207
5 0.3486394557823129 0.27927927927927926 0.04421768707482993 0.05405405405405406
4 0.42517006802721086 0.32432432432432434 0.04081632653061224 0.05405405405405406
3 0.3333333333333333 0.3355855855855856 0.06802721088435375 0.05855855855855856
3 0.8724489795918368 0.3918918918918919 0.05102040816326531 0.07207207207207207
4 0.32142857142857145 0.4009009009009009 0.08503401360544217 0.09009009009009009
0 0.2568027210884354 0.42567567567567566 0.05102040816326531 0.04954954954954955
0 0.19727891156462585 0.4369369369369369 0.061224489795918366 0.06306306306306306