0 0.39285714285714285 0.46621621621621623 0.07142857142857142 0.08558558558558559
0 0.4336734693877551 0.47072072072072074 0.06462585034013606 0.08558558558558559
0 0.2755102040816326 0.5045045045045045 0.05442176870748299 0.06306306306306306
0 0.2891156462585034 0.5427927927927928 0.04081632653061224 0.04054054054054054
0 0.5289115646258503 0.5878378378378378 0.06462585034013606 0.06756756756756757
0 0.29591836734693877 0.5990990990990991 0.047619047619047616 0.04504504504504504
0 0.39285714285714285 0.6238738738738738 0.05782312925170068 0.04954954954954955
0 0.35034013605442177 0.6621621621621622 0.047619047619047616 0.06306306306306306
0 0.5952380952380952 0.6981981981981982 0.05442176870748299 0.07207207207207207
0 0.6224489795918368 0.777027027027027 0.06802721088435375 0.06756756756756757
0 0.141156462585034 0.7837837837837838 0.06462585034013606 0.08108108108108109
0 0.8707482993197279 0.8918918918918919 0.04081632653061224 0.07207207207207207
0 0.5170068027210885 0.09009009009009009 0.07482993197278912 0.07207207207207207
0 0.8469387755102041 0.9459459459459459 0.06802721088435375 0.06306306306306306
0 0.23299319727891157 0.20495495495495494 0.07142857142857142 0.05855855855855856
0 0.8214285714285714 0.27702702702702703 0.07142857142857142 0.08558558558558559
0 0.477891156462585 0.38738738738738737 0.07142857142857142 0.09009009009009009