4 0.8095238095238095 0.47072072072072074 0.06802721088435375 0.07657657657657657
5 0.37244897959183676 0.4797297297297297 0.05102040816326531 0.05855855855855856
5 0.4064625850340136 0.481981981981982 0.030612244897959183 0.036036036036036036
5 0.8996598639455783 0.509009009009009 0.030612244897959183 0.05405405405405406
4 0.18537414965986396 0.5135135135135135 0.07142857142857142 0.07207207207207207
5 0.8877551020408163 0.5698198198198198 0.034013605442176874 0.05855855855855856
5 0.6326530612244898 0.5968468468468469 0.05442176870748299 0.05855855855855856
5 0.9115646258503401 0.6103603603603603 0.034013605442176874 0.04954954954954955
0 0.3486394557823129 0.6576576576576577 0.05782312925170068 0.06306306306306306
5 0.4200680272108844 0.6666666666666666 0.04421768707482993 0.04504504504504504
5 0.45068027210884354 0.704954954954955 0.04421768707482993 0.04954954954954955
0 0.5425170068027211 0.7725225225225225 0.05102040816326531 0.04054054054054054
5 0.304421768707483 0.40765765765765766 0.05102040816326531 0.05855855855855856
5 0.34523809523809523 0.4099099099099099 0.030612244897959183 0.036036036036036036
5 0.27040816326530615 0.4144144144144144 0.03741496598639456 0.05405405405405406
4 0.15136054421768708 0.44594594594594594 0.06462585034013606 0.07207207207207207