1 0.20068027210884354 0.47297297297297297 0.08163265306122448 0.09009009009009009
1 0.4217687074829932 0.4752252252252252 0.061224489795918366 0.06756756756756757
1 0.33843537414965985 0.48423423423423423 0.06462585034013606 0.11261261261261261
1 0.5221088435374149 0.509009009009009 0.11904761904761904 0.0990990990990991
1 0.28401360544217685 0.5225225225225225 0.11224489795918367 0.08108108108108109
1 0.445578231292517 0.5698198198198198 0.10204081632653061 0.11261261261261261
1 0.28401360544217685 0.6261261261261262 0.08503401360544217 0.08108108108108109
1 0.304421768707483 0.6869369369369369 0.09863945578231292 0.0945945945945946
1 0.5408163265306123 0.7027027027027027 0.19047619047619047 0.1891891891891892
1 0.38095238095238093 0.831081081081081 0.05442176870748299 0.05855855855855856
1 0.391156462585034 0.8963963963963963 0.05442176870748299 0.07207207207207207
1 0.3486394557823129 0.9009009009009009 0.05782312925170068 0.06306306306306306
1 0.4574829931972789 0.1036036036036036 0.08503401360544217 0.08108108108108109
1 0.6071428571428571 0.35585585585585583 0.1054421768707483 0.10810810810810811
1 0.4030612244897959 0.38513513513513514 0.07142857142857142 0.07657657657657657
1 0.5017006802721088 0.3918918918918919 0.05782312925170068 0.08108108108108109
1 0.5017006802721088 0.43018018018018017 0.09183673469387756 0.04054054054054054