0 0.6785714285714286 0.4617117117117117 0.05102040816326531 0.07657657657657657
1 0.4880952380952381 0.46396396396396394 0.07142857142857142 0.06306306306306306
5 0.3129251700680272 0.5405405405405406 0.05442176870748299 0.036036036036036036
3 0.24319727891156462 0.5472972972972973 0.08503401360544217 0.06756756756756757
1 0.4421768707482993 0.6238738738738738 0.06802721088435375 0.07657657657657657
1 0.6989795918367347 0.704954954954955 0.05102040816326531 0.05855855855855856
3 0.30612244897959184 0.7972972972972973 0.061224489795918366 0.09009009009009009
5 0.22108843537414966 0.8468468468468469 0.04081632653061224 0.04504504504504504
5 0.4744897959183674 0.16666666666666666 0.03741496598639456 0.02702702702702703
5 0.20748299319727892 0.21846846846846846 0.05442176870748299 0.05855855855855856
1 0.5051020408163265 0.3130630630630631 0.0782312925170068 0.1036036036036036
5 0.3112244897959184 0.36261261261261263 0.05102040816326531 0.04054054054054054
3 0.2789115646258503 0.4346846846846847 0.07482993197278912 0.05855855855855856