5 0.45918367346938777 0.481981981981982 0.04081632653061224 0.04504504504504504
5 0.5425170068027211 0.481981981981982 0.030612244897959183 0.036036036036036036
5 0.29081632653061223 0.4864864864864865 0.030612244897959183 0.036036036036036036
5 0.3282312925170068 0.5180180180180181 0.030612244897959183 0.02702702702702703
5 0.37755102040816324 0.5337837837837838 0.034013605442176874 0.04054054054054054
3 0.5578231292517006 0.5337837837837838 0.05442176870748299 0.05855855855855856
5 0.4217687074829932 0.5495495495495496 0.04081632653061224 0.036036036036036036
5 0.6207482993197279 0.5608108108108109 0.03741496598639456 0.03153153153153153
3 0.4880952380952381 0.5833333333333334 0.05102040816326531 0.04954954954954955
5 0.41156462585034015 0.5945945945945946 0.04081632653061224 0.036036036036036036
5 0.39625850340136054 0.7207207207207207 0.04421768707482993 0.04504504504504504
5 0.7074829931972789 0.7454954954954955 0.061224489795918366 0.04954954954954955
5 0.5102040816326531 0.7657657657657657 0.047619047619047616 0.05405405405405406
5 0.576530612244898 0.24774774774774774 0.03741496598639456 0.04504504504504504
5 0.36394557823129253 0.30855855855855857 0.034013605442176874 0.04054054054054054
5 0.43537414965986393 0.3153153153153153 0.04081632653061224 0.036036036036036036
5 0.4489795918367347 0.36036036036036034 0.027210884353741496 0.02702702702702703
5 0.5408163265306123 0.39414414414414417 0.034013605442176874 0.03153153153153153
5 0.36904761904761907 0.4144144144144144 0.04421768707482993 0.04504504504504504
3 0.29081632653061223 0.4436936936936937 0.03741496598639456 0.04954954954954955