3 0.3469387755102041 0.46846846846846846 0.05442176870748299 0.09009009009009009
3 0.44047619047619047 0.47297297297297297 0.07142857142857142 0.08108108108108109
3 0.272108843537415 0.4797297297297297 0.061224489795918366 0.06756756756756757
3 0.5306122448979592 0.536036036036036 0.061224489795918366 0.05405405405405406
3 0.7806122448979592 0.545045045045045 0.05102040816326531 0.06306306306306306
3 0.6190476190476191 0.5495495495495496 0.047619047619047616 0.08108108108108109
3 0.7142857142857143 0.5563063063063063 0.061224489795918366 0.0945945945945946
3 0.5136054421768708 0.6058558558558559 0.047619047619047616 0.05855855855855856
3 0.32482993197278914 0.6126126126126126 0.03741496598639456 0.08108108108108109
3 0.8231292517006803 0.6396396396396397 0.061224489795918366 0.07207207207207207
3 0.4200680272108844 0.6418918918918919 0.07142857142857142 0.05855855855855856
3 0.9489795918367347 0.6801801801801802 0.07482993197278912 0.06306306306306306
3 0.8707482993197279 0.6869369369369369 0.061224489795918366 0.07657657657657657
3 0.9591836734693877 0.7477477477477478 0.061224489795918366 0.08108108108108109
3 0.6530612244897959 0.7680180180180181 0.05442176870748299 0.04954954954954955
3 0.8503401360544217 0.7837837837837838 0.06802721088435375 0.09009009009009009
3 0.31802721088435376 0.8108108108108109 0.07142857142857142 0.08108108108108109
3 0.6003401360544217 0.15990990990990991 0.06462585034013606 0.08558558558558559
3 0.49489795918367346 0.19594594594594594 0.05102040816326531 0.08558558558558559
3 0.6071428571428571 0.26126126126126126 0.05102040816326531 0.09009009009009009
3 0.6615646258503401 0.268018018018018 0.04421768707482993 0.05855855855855856
3 0.6428571428571429 0.03153153153153153 0.061224489795918366 0.06306306306306306
3 0.48299319727891155 0.35585585585585583 0.05442176870748299 0.07207207207207207
3 0.6763945578231293 0.3714414414414414 0.07142857142857142 0.08108108108108109
3 0.31802721088435376 0.3783783783783784 0.0782312925170068 0.0990990990990991
3 0.23469387755102042 0.38513513513513514 0.047619047619047616 0.08558558558558559