1 0.7646938775510204 0.4572072072072072 0.047619047619047616 0.06756756756756757
1 0.17564625850340138 0.4736036036036036 0.027210884353741496 0.04054054054054054
1 0.7691836734693878 0.5168018018018018 0.04421768707482993 0.07207207207207207
1 0.09183673469387756 0.05405405405405406 0.047619047619047616 0.04504504504504504
1 0.18027210884353742 0.5472972972972973 0.04081632653061224 0.04954954954954955
1 0.23809523809523808 0.5518018018018018 0.04081632653061224 0.04954954954954955
1 0.7568027210884354 0.5990990990990991 0.03741496598639456 0.05405405405405406
1 0.19387755102040816 0.6171171171171171 0.047619047619047616 0.05405405405405406
1 0.6122448979591837 0.06531531531531531 0.027210884353741496 0.04054054054054054
1 0.8809523809523809 0.06531531531531531 0.034013605442176874 0.04954954954954955
1 0.2193877551020408 0.6531531531531531 0.04421768707482993 0.036036036036036036
3 0.608843537414966 0.7454954954954955 0.047619047619047616 0.05855855855855856
3 0.27721088435374147 0.7927927927927928 0.05102040816326531 0.06306306306306306
1 0.6904761904761905 0.8220720720720721 0.034013605442176874 0.05855855855855856
1 0.33163265306122447 0.8288288288288288 0.03741496598639456 0.05405405405405406
1 0.20068027210884354 0.08558558558558559 0.047619047619047616 0.036036036036036036
1 0.9132653061224489 0.09234234234234234 0.03741496598639456 0.05855855855855856
1 0.38095238095238093 0.9301801801801802 0.034013605442176874 0.05855855855855856
1 0.15816326530612246 0.0990990990990991 0.030612244897959183 0.05405405405405406
1 0.37244897959183676 0.10585585585585586 0.03741496598639456 0.04954954954954955
1 0.7397959183673469 0.11936936936936937 0.05102040816326531 0.08558558558558559
1 0.9659863945578231 0.11936936936936937 0.027210884353741496 0.05855855855855856
1 0.10884353741496598 0.013513513513513514 0.034013605442176874 0.02702702702702703
1 0.14795918367346939 0.13963963963963963 0.05782312925170068 0.06306306306306306
1 0.608843537414966 0.14414414414414414 0.047619047619047616 0.07207207207207207
3 0.08581632653061225 0.15027027027027026 0.05782312925170068 0.09009009009009009
1 0.3401360544217687 0.15090090090090091 0.04081632653061224 0.05855855855855856
1 0.8571428571428571 0.15315315315315314 0.047619047619047616 0.04504504504504504
1 0.9625850340136054 0.15990990990990991 0.047619047619047616 0.04954954954954955
1 0.1683673469387755 0.2635135135135135 0.04421768707482993 0.04054054054054054
1 0.09013605442176871 0.2927927927927928 0.03741496598639456 0.036036036036036036
1 0.9132653061224489 0.038288288288288286 0.04421768707482993 0.04954954954954955
1 0.12244897959183673 0.038288288288288286 0.04081632653061224 0.04054054054054054
1 0.8800340136054422 0.3832882882882883 0.034013605442176874 0.05405405405405406
1 0.1598639455782313 0.4189189189189189 0.04081632653061224 0.05405405405405406
1 0.6882993197278912 0.42815315315315317 0.047619047619047616 0.05855855855855856
1 0.8299319727891157 0.44144144144144143 0.04081632653061224 0.06306306306306306
1 0.12414965986394558 0.44144144144144143 0.030612244897959183 0.06306306306306306