3 0.6360544217687075 0.4752252252252252 0.061224489795918366 0.08558558558558559
0 0.9132653061224489 0.4752252252252252 0.05782312925170068 0.08558558558558559
0 0.923469387755102 0.4797297297297297 0.04421768707482993 0.05855855855855856
3 0.32653061224489793 0.5765765765765766 0.08843537414965986 0.08108108108108109
4 0.17006802721088435 0.6306306306306306 0.061224489795918366 0.07207207207207207
4 0.07653061224489796 0.6644144144144144 0.05102040816326531 0.04954954954954955
3 0.4302721088435374 0.6936936936936937 0.09863945578231292 0.08108108108108109
4 0.1564625850340136 0.6936936936936937 0.05442176870748299 0.06306306306306306
4 0.15816326530612246 0.8423423423423423 0.04421768707482993 0.07207207207207207
0 0.6428571428571429 0.8693693693693694 0.061224489795918366 0.06306306306306306
4 0.2891156462585034 0.8761261261261262 0.061224489795918366 0.06756756756756757
4 0.24829931972789115 0.918918918918919 0.047619047619047616 0.06306306306306306
0 0.7414965986394558 0.24549549549549549 0.06802721088435375 0.08558558558558559
0 0.7482993197278912 0.25 0.047619047619047616 0.05855855855855856
4 0.11564625850340136 0.3355855855855856 0.09523809523809523 0.0945945945945946
3 0.9591836734693877 0.3490990990990991 0.07482993197278912 0.05855855855855856
3 0.8843537414965986 0.36936936936936937 0.061224489795918366 0.08108108108108109