5 0.05612244897959184 0.0518018018018018 0.06462585034013606 0.04954954954954955
3 0.18197278911564627 0.5 0.0782312925170068 0.11711711711711711
3 0.030612244897959183 0.6599099099099099 0.061224489795918366 0.1036036036036036
0 0.07142857142857142 0.786036036036036 0.08843537414965986 0.08558558558558559
5 0.6581632653061225 0.8243243243243243 0.023809523809523808 0.05405405405405406
0 0.35374149659863946 0.8423423423423423 0.061224489795918366 0.08108108108108109
5 0.43197278911564624 0.8423423423423423 0.034013605442176874 0.07207207207207207
5 0.3163265306122449 0.8761261261261262 0.034013605442176874 0.04954954954954955
5 0.36904761904761907 0.8918918918918919 0.023809523809523808 0.036036036036036036
5 0.6972789115646258 0.9346846846846847 0.034013605442176874 0.04954954954954955
5 0.13435374149659865 0.20270270270270271 0.05102040816326531 0.06306306306306306
5 0.061224489795918366 0.30405405405405406 0.05442176870748299 0.06756756756756757
5 0.02891156462585034 0.3400900900900901 0.05782312925170068 0.04954954954954955