5 0.8333333333333334 0.0472972972972973 0.034013605442176874 0.04054054054054054
5 0.532312925170068 0.45045045045045046 0.030612244897959183 0.05405405405405406
5 0.7006802721088435 0.0518018018018018 0.047619047619047616 0.04954954954954955
3 0.2976190476190476 0.5855855855855856 0.0782312925170068 0.08108108108108109
3 0.6003401360544217 0.6036036036036037 0.1054421768707483 0.10810810810810811
4 0.6717687074829932 0.7657657657657657 0.07142857142857142 0.08108108108108109
3 0.7857142857142857 0.7680180180180181 0.07482993197278912 0.08558558558558559
3 0.5731292517006803 0.8018018018018018 0.11904761904761904 0.09009009009009009
4 0.4336734693877551 0.8873873873873874 0.05782312925170068 0.08108108108108109
0 0.6844897959183673 0.9204954954954955 0.061224489795918366 0.06306306306306306
0 0.5612244897959183 0.9617117117117117 0.061224489795918366 0.07657657657657657
5 0.3826530612244898 0.1036036036036036 0.06462585034013606 0.06306306306306306
5 0.641156462585034 0.1891891891891892 0.05782312925170068 0.036036036036036036
4 0.6649659863945578 0.2747747747747748 0.08503401360544217 0.0990990990990991
5 0.3231292517006803 0.2905405405405405 0.05442176870748299 0.05855855855855856
5 0.5782312925170068 0.3355855855855856 0.04081632653061224 0.04954954954954955
5 0.5017006802721088 0.38063063063063063 0.03741496598639456 0.04054054054054054