3 0.5051020408163265 0.45045045045045046 0.03741496598639456 0.06306306306306306
3 0.6955782312925171 0.4527027027027027 0.05102040816326531 0.05855855855855856
3 0.5935374149659864 0.4594594594594595 0.03741496598639456 0.036036036036036036
3 0.7159863945578231 0.5022522522522522 0.04421768707482993 0.04054054054054054
3 0.7142857142857143 0.5653153153153153 0.04081632653061224 0.05855855855855856
3 0.5663265306122449 0.5743243243243243 0.07142857142857142 0.06756756756756757
3 0.23979591836734693 0.6013513513513513 0.05782312925170068 0.07657657657657657
3 0.6836734693877551 0.6306306306306306 0.04081632653061224 0.06306306306306306
3 0.8282312925170068 0.6328828828828829 0.04421768707482993 0.05855855855855856
3 0.3877551020408163 0.6914414414414415 0.047619047619047616 0.06756756756756757
3 0.6547619047619048 0.16441441441441443 0.04421768707482993 0.05855855855855856
3 0.4336734693877551 0.1891891891891892 0.03741496598639456 0.05405405405405406
3 0.4931972789115646 0.21846846846846846 0.047619047619047616 0.07657657657657657
3 0.6020408163265306 0.22522522522522523 0.061224489795918366 0.07207207207207207
3 0.6955782312925171 0.24774774774774774 0.05102040816326531 0.07207207207207207
3 0.6275510204081632 0.2725225225225225 0.05102040816326531 0.04054054054054054
3 0.5969387755102041 0.29954954954954954 0.04421768707482993 0.06756756756756757
3 0.7346938775510204 0.3108108108108108 0.047619047619047616 0.04504504504504504
3 0.5697278911564626 0.3333333333333333 0.04421768707482993 0.05405405405405406
3 0.4642857142857143 0.3536036036036036 0.05102040816326531 0.06756756756756757
3 0.6377551020408163 0.3761261261261261 0.03741496598639456 0.05855855855855856
3 0.6819727891156463 0.3918918918918919 0.05102040816326531 0.05405405405405406
3 0.5595238095238095 0.4189189189189189 0.030612244897959183 0.05405405405405406