3 0.8537414965986394 0.5315315315315315 0.07482993197278912 0.14414414414414414
3 0.1377551020408163 0.5608108108108109 0.08503401360544217 0.07657657657657657
3 0.5357142857142857 0.6036036036036037 0.07142857142857142 0.08108108108108109
3 0.7959183673469388 0.6351351351351351 0.061224489795918366 0.10810810810810811
3 0.7551020408163265 0.6441441441441441 0.06802721088435375 0.0990990990990991
3 0.13095238095238096 0.6463963963963963 0.07142857142857142 0.08558558558558559
3 0.5595238095238095 0.6644144144144144 0.06462585034013606 0.05855855855855856
3 0.6105442176870748 0.7387387387387387 0.05782312925170068 0.05405405405405406
3 0.6802721088435374 0.7747747747747747 0.04081632653061224 0.05405405405405406
3 0.814625850340136 0.8265765765765766 0.07142857142857142 0.06756756756756757
3 0.5119047619047619 0.8400900900900901 0.06462585034013606 0.06756756756756757
0 0.9744897959183674 0.8423423423423423 0.05102040816326531 0.05405405405405406
3 0.7721088435374149 0.8581081081081081 0.10204081632653061 0.05855855855855856
0 0.39965986394557823 0.18468468468468469 0.05102040816326531 0.06306306306306306
0 0.4302721088435374 0.28603603603603606 0.05102040816326531 0.05855855855855856
0 0.9863945578231292 0.3333333333333333 0.027210884353741496 0.06306306306306306
3 0.8639455782312925 0.40315315315315314 0.07482993197278912 0.08558558558558559
0 0.32482993197278914 0.40765765765765766 0.05782312925170068 0.06756756756756757
0 0.4744897959183674 0.44144144144144143 0.06462585034013606 0.07207207207207207