3 0.5901360544217688 0.4594594594594595 0.11904761904761904 0.08108108108108109
3 0.9030612244897959 0.4617117117117117 0.05102040816326531 0.0945945945945946
4 0.38945578231292516 0.5067567567567568 0.07142857142857142 0.06756756756756757
4 0.4744897959183674 0.545045045045045 0.05102040816326531 0.05405405405405406
3 0.782312925170068 0.5968468468468469 0.07482993197278912 0.0945945945945946
4 0.5612244897959183 0.6554054054054054 0.06802721088435375 0.08558558558558559
4 0.8061224489795918 0.9144144144144144 0.07482993197278912 0.08108108108108109
4 0.5510204081632653 0.9391891891891891 0.07482993197278912 0.07657657657657657
3 0.7857142857142857 0.12612612612612611 0.08843537414965986 0.07207207207207207
3 0.31802721088435376 0.14189189189189189 0.0782312925170068 0.08558558558558559
3 0.4523809523809524 0.18693693693693694 0.07482993197278912 0.08558558558558559
3 0.8095238095238095 0.23648648648648649 0.08163265306122448 0.05855855855855856
3 0.673469387755102 0.24549549549549549 0.09523809523809523 0.13063063063063063
3 0.8384353741496599 0.3153153153153153 0.06462585034013606 0.0990990990990991
3 0.6462585034013606 0.36486486486486486 0.10204081632653061 0.0990990990990991
3 0.5493197278911565 0.3738738738738739 0.04421768707482993 0.06306306306306306