5 0.43537414965986393 0.48423423423423423 0.04081632653061224 0.04954954954954955
4 0.54421768707483 0.5337837837837838 0.047619047619047616 0.08558558558558559
4 0.4880952380952381 0.6554054054054054 0.0782312925170068 0.08558558558558559
4 0.5170068027210885 0.7327927927927929 0.06802721088435375 0.07657657657657657
5 0.4030612244897959 0.22972972972972974 0.023809523809523808 0.036036036036036036
0 0.6632653061224489 0.23198198198198197 0.04081632653061224 0.04954954954954955
5 0.4336734693877551 0.23423423423423423 0.03741496598639456 0.04504504504504504
5 0.5663265306122449 0.35135135135135137 0.04421768707482993 0.036036036036036036
5 0.4268707482993197 0.3581081081081081 0.05102040816326531 0.04054054054054054
4 0.8027210884353742 0.4166666666666667 0.07482993197278912 0.08558558558558559
4 0.717687074829932 0.42567567567567566 0.06802721088435375 0.08558558558558559