5 0.5476190476190477 0.4752252252252252 0.05442176870748299 0.08558558558558559
5 0.4914965986394558 0.4954954954954955 0.05102040816326531 0.08108108108108109
5 0.6156462585034014 0.5833333333333334 0.05442176870748299 0.07657657657657657
5 0.4846938775510204 0.05855855855855856 0.04421768707482993 0.06306306306306306
5 0.3945578231292517 0.5878378378378378 0.05442176870748299 0.06756756756756757
5 0.45068027210884354 0.6148648648648649 0.05102040816326531 0.06756756756756757
5 0.45068027210884354 0.6779279279279279 0.06462585034013606 0.06756756756756757
5 0.6139455782312925 0.7364864864864865 0.04421768707482993 0.08558558558558559
5 0.5204081632653061 0.8355855855855856 0.06802721088435375 0.07657657657657657
5 0.5595238095238095 0.8648648648648649 0.04421768707482993 0.05405405405405406
5 0.46258503401360546 0.8806306306306306 0.061224489795918366 0.06756756756756757
5 0.3792517006802721 0.8941441441441441 0.07142857142857142 0.06756756756756757
5 0.47619047619047616 0.1373873873873874 0.05442176870748299 0.07657657657657657
5 0.49829931972789115 0.20945945945945946 0.07142857142857142 0.04954954954954955
5 0.45918367346938777 0.27702702702702703 0.05442176870748299 0.07657657657657657
5 0.3792517006802721 0.2927927927927928 0.07142857142857142 0.07207207207207207
5 0.33163265306122447 0.32207207207207206 0.0782312925170068 0.05855855855855856
5 0.43197278911564624 0.3918918918918919 0.06802721088435375 0.06306306306306306
5 0.4880952380952381 0.4391891891891892 0.0782312925170068 0.05855855855855856