1 0.8792517006802721 0.4617117117117117 0.04421768707482993 0.07657657657657657
1 0.5068027210884354 0.48873873873873874 0.047619047619047616 0.05855855855855856
1 0.47278911564625853 0.7319819819819819 0.05442176870748299 0.05855855855855856
1 0.5034013605442177 0.786036036036036 0.04081632653061224 0.06756756756756757
1 0.3843537414965986 0.8423423423423423 0.07482993197278912 0.07207207207207207
1 0.6003401360544217 0.8896396396396397 0.05102040816326531 0.08558558558558559
1 0.576530612244898 0.16666666666666666 0.05782312925170068 0.05405405405405406
3 0.6632653061224489 0.17792792792792791 0.08163265306122448 0.11261261261261261
3 0.9047619047619048 0.2635135135135135 0.061224489795918366 0.08558558558558559
1 0.5544217687074829 0.3761261261261261 0.047619047619047616 0.04054054054054054
1 0.782312925170068 0.4436936936936937 0.07482993197278912 0.08558558558558559