5 0.5952380952380952 0.45045045045045046 0.05442176870748299 0.06306306306306306
5 0.272108843537415 0.45045045045045046 0.061224489795918366 0.04504504504504504
5 0.2261904761904762 0.48873873873873874 0.05102040816326531 0.05855855855855856
5 0.6496598639455783 0.5112612612612613 0.06802721088435375 0.04954954954954955
4 0.6615646258503401 0.5945945945945946 0.05782312925170068 0.08108108108108109
4 0.5476190476190477 0.713963963963964 0.05442176870748299 0.08558558558558559
0 0.7363945578231292 0.759009009009009 0.07142857142857142 0.08558558558558559
0 0.38945578231292516 0.795045045045045 0.07142857142857142 0.0945945945945946
5 0.4608843537414966 0.11486486486486487 0.05102040816326531 0.04954954954954955
5 0.6326530612244898 0.03153153153153153 0.04081632653061224 0.06306306306306306
5 0.7380952380952381 0.3716216216216216 0.06802721088435375 0.08558558558558559
5 0.5578231292517006 0.42342342342342343 0.04081632653061224 0.036036036036036036