0 0.5153061224489796 0.46396396396396394 0.04421768707482993 0.04504504504504504
0 0.4557823129251701 0.46846846846846846 0.061224489795918366 0.05405405405405406
0 0.673469387755102 0.4752252252252252 0.06802721088435375 0.06756756756756757
0 0.5187074829931972 0.5157657657657657 0.07142857142857142 0.06756756756756757
0 0.6581632653061225 0.5315315315315315 0.06462585034013606 0.07207207207207207
0 0.8520408163265306 0.5495495495495496 0.05782312925170068 0.07207207207207207
0 0.23129251700680273 0.5495495495495496 0.07482993197278912 0.08108108108108109
0 0.4574829931972789 0.5540540540540541 0.06462585034013606 0.08108108108108109
0 0.7636054421768708 0.5608108108108109 0.05102040816326531 0.05855855855855856
0 0.17377551020408163 0.5743243243243243 0.08163265306122448 0.1036036036036036
0 0.5748299319727891 0.5968468468468469 0.05442176870748299 0.07657657657657657
0 0.5204081632653061 0.6013513513513513 0.05442176870748299 0.06756756756756757
0 0.6105442176870748 0.6509009009009009 0.03741496598639456 0.05855855855855856
0 0.2925170068027211 0.6711711711711712 0.061224489795918366 0.09009009009009009
0 0.35714285714285715 0.7477477477477478 0.05442176870748299 0.06306306306306306
0 0.7482993197278912 0.8581081081081081 0.061224489795918366 0.08558558558558559
0 0.46938775510204084 0.0990990990990991 0.07482993197278912 0.07207207207207207
0 0.47619047619047616 0.15990990990990991 0.08163265306122448 0.04954954954954955
0 0.5969387755102041 0.17117117117117117 0.05782312925170068 0.09009009009009009
0 0.36904761904761907 0.21846846846846846 0.0782312925170068 0.1036036036036036
0 0.47959183673469385 0.24774774774774774 0.06802721088435375 0.08108108108108109
0 0.5544217687074829 0.29954954954954954 0.06802721088435375 0.08558558558558559
0 0.4489795918367347 0.3355855855855856 0.08163265306122448 0.07657657657657657
0 0.6496598639455783 0.39864864864864863 0.061224489795918366 0.06756756756756757
0 0.7551020408163265 0.40315315315315314 0.06802721088435375 0.1036036036036036