5 0.16326530612244897 0.49099099099099097 0.047619047619047616 0.04504504504504504
3 0.7125850340136054 0.527027027027027 0.07142857142857142 0.08108108108108109
3 0.26700680272108845 0.5630630630630631 0.05102040816326531 0.07207207207207207
5 0.8044217687074829 0.6621621621621622 0.030612244897959183 0.02702702702702703
5 0.7551020408163265 0.668918918918919 0.034013605442176874 0.05855855855855856
5 0.8979591836734694 0.6914414414414415 0.05442176870748299 0.04954954954954955
4 0.5153061224489796 0.6959459459459459 0.04421768707482993 0.07657657657657657
5 0.8826530612244898 0.7274774774774775 0.030612244897959183 0.04054054054054054
5 0.7653061224489796 0.7364864864864865 0.027210884353741496 0.03153153153153153
5 0.27380952380952384 0.7702702702702703 0.04421768707482993 0.02702702702702703
5 0.7023809523809523 0.8220720720720721 0.04421768707482993 0.07657657657657657
5 0.7431972789115646 0.831081081081081 0.03741496598639456 0.02252252252252252
5 0.5510204081632653 0.8581081081081081 0.05442176870748299 0.04954954954954955