3 0.94638671875 0.3190322580645161 0.037109375 0.04985337243401759
3 0.591796875 0.36070381231671556 0.06640625 0.08797653958944282
1 0.4208984375 0.3885630498533724 0.001953125 0.002932551319648094
4 0.42328125 0.3990322580645161 0.04296875 0.05571847507331378
3 0.5712890625 0.04398826979472141 0.033203125 0.05865102639296188
1 0.6298828125 0.4736070381231672 0.037109375 0.04985337243401759
1 0.482421875 0.47653958944281527 0.04296875 0.05571847507331378
1 0.6728515625 0.4868035190615836 0.044921875 0.05278592375366569
1 0.580078125 0.501466275659824 0.0390625 0.07038123167155426
1 0.6279296875 0.532258064516129 0.064453125 0.07917888563049853
3 0.3056640625 0.5630498533724341 0.037109375 0.05278592375366569
5 0.25 0.5806451612903226 0.02734375 0.02932551319648094
1 0.5419921875 0.6143695014662757 0.056640625 0.06158357771260997
1 0.623046875 0.6422287390029325 0.04296875 0.05865102639296188
1 0.4931640625 0.6744868035190615 0.064453125 0.07624633431085044
3 0.3037109375 0.6832844574780058 0.044921875 0.04105571847507331
5 0.2294921875 0.8137829912023461 0.021484375 0.03812316715542522
5 0.4462890625 0.10557184750733138 0.029296875 0.03519061583577713
3 0.5791015625 0.11143695014662756 0.033203125 0.05278592375366569
5 0.4814453125 0.14516129032258066 0.025390625 0.03812316715542522
5 0.525390625 0.1627565982404692 0.0234375 0.03812316715542522
3 0.4736328125 0.020527859237536656 0.052734375 0.04105571847507331
1 0.6708984375 0.2126099706744868 0.068359375 0.12023460410557185