3 0.6254545454545455 0.5573770491803278 0.05090909090909091 0.07650273224043716
3 0.4690909090909091 0.5601092896174863 0.03636363636363636 0.04918032786885246
3 0.5472727272727272 0.6038251366120219 0.04727272727272727 0.060109289617486336
3 0.8181818181818182 0.6120218579234973 0.05818181818181818 0.06557377049180328
3 0.64 0.6229508196721312 0.04363636363636364 0.06557377049180328
3 0.5 0.6557377049180327 0.04727272727272727 0.06557377049180328
3 0.6090909090909091 0.6857923497267759 0.04727272727272727 0.03825136612021858
3 0.889090909090909 0.7158469945355191 0.06181818181818182 0.07650273224043716
3 0.5545454545454546 0.7513661202185792 0.04 0.060109289617486336
3 0.5218181818181818 0.7814207650273224 0.06909090909090909 0.0546448087431694
3 0.3654545454545455 0.8770491803278688 0.06909090909090909 0.07103825136612021
3 0.44 0.9016393442622951 0.04363636363636364 0.0546448087431694
3 0.8745454545454545 0.907103825136612 0.04 0.07650273224043716
3 0.5690909090909091 0.31420765027322406 0.04727272727272727 0.060109289617486336
3 0.6454545454545455 0.40437158469945356 0.06181818181818182 0.08743169398907104
3 0.5309090909090909 0.42896174863387976 0.05090909090909091 0.060109289617486336
3 0.8836363636363637 0.43169398907103823 0.05090909090909091 0.07650273224043716
3 0.7872727272727272 0.47540983606557374 0.06909090909090909 0.08743169398907104
3 0.9109090909090909 0.47540983606557374 0.04727272727272727 0.04371584699453552
3 0.4763636363636364 0.5163934426229508 0.05090909090909091 0.04918032786885246