4 0.91259765625 0.40492170022371365 0.1279296875 0.15212527964205816
0 0.35595703125 0.42953020134228187 0.0615234375 0.06711409395973154
0 0.59423828125 0.5391498881431768 0.0693359375 0.06711409395973154
3 0.59912109375 0.616331096196868 0.1337890625 0.12304250559284116
0 0.82177734375 0.656599552572707 0.0986328125 0.06935123042505593
3 0.35205078125 0.7225950782997763 0.1123046875 0.12080536912751678
3 0.50830078125 0.7281879194630873 0.1337890625 0.10961968680089486
3 0.65771484375 0.7583892617449665 0.1552734375 0.1297539149888143
3 0.21923828125 0.7986577181208053 0.1435546875 0.1342281879194631
3 0.51904296875 0.8467561521252797 0.1357421875 0.10514541387024609
4 0.40283203125 0.9049217002237137 0.0771484375 0.06935123042505593