5 0.7236363636363636 0.5737704918032787 0.02909090909090909 0.04371584699453552
5 0.34545454545454546 0.5846994535519126 0.03636363636363636 0.04371584699453552
5 0.6836363636363636 0.5901639344262295 0.02909090909090909 0.0546448087431694
5 0.509090909090909 0.5956284153005464 0.04363636363636364 0.04371584699453552
0 0.72 0.6311475409836066 0.06545454545454546 0.09289617486338798
5 0.25636363636363635 0.6338797814207651 0.025454545454545455 0.04371584699453552
5 0.31636363636363635 0.6338797814207651 0.02181818181818182 0.04371584699453552
5 0.34545454545454546 0.6775956284153005 0.03636363636363636 0.0546448087431694
5 0.6618181818181819 0.6885245901639344 0.02909090909090909 0.04371584699453552
5 0.8072727272727273 0.7349726775956285 0.02909090909090909 0.04918032786885246
5 0.2509090909090909 0.8142076502732241 0.03636363636363636 0.0546448087431694
5 0.2545454545454545 0.9180327868852459 0.03636363636363636 0.04371584699453552
5 0.6690909090909091 0.09289617486338798 0.02181818181818182 0.04371584699453552
5 0.5381818181818182 0.1284153005464481 0.02181818181818182 0.03825136612021858
5 0.64 0.15027322404371585 0.02181818181818182 0.03825136612021858
5 0.6236363636363637 0.16939890710382513 0.01818181818181818 0.03278688524590164
5 0.43636363636363634 0.1830601092896175 0.02909090909090909 0.04918032786885246
5 0.6927272727272727 0.1830601092896175 0.025454545454545455 0.03825136612021858
5 0.6727272727272727 0.2103825136612022 0.02909090909090909 0.03825136612021858
5 0.6727272727272727 0.26229508196721313 0.02181818181818182 0.03278688524590164
5 0.5818181818181818 0.28688524590163933 0.02181818181818182 0.0273224043715847
5 0.6563636363636364 0.3087431693989071 0.01818181818181818 0.0273224043715847
5 0.5181818181818182 0.3251366120218579 0.03272727272727273 0.04918032786885246
5 0.5854545454545454 0.33879781420765026 0.02181818181818182 0.03278688524590164
5 0.6309090909090909 0.33879781420765026 0.01818181818181818 0.04371584699453552
5 0.7509090909090909 0.35792349726775957 0.025454545454545455 0.04918032786885246
5 0.6836363636363636 0.36065573770491804 0.02181818181818182 0.03278688524590164
5 0.33090909090909093 0.43169398907103823 0.03636363636363636 0.0546448087431694
5 0.6054545454545455 0.44808743169398907 0.025454545454545455 0.03278688524590164
5 0.4254545454545455 0.45901639344262296 0.03636363636363636 0.0546448087431694
5 0.5436363636363636 0.45901639344262296 0.01818181818181818 0.03278688524590164
5 0.4 0.5382513661202186 0.02909090909090909 0.04918032786885246