4 0.8846153846153846 0.1576923076923077 0.09538461538461539 0.10615384615384615
4 0.8084615384615385 0.15923076923076923 0.07230769230769231 0.08153846153846153
4 0.7569230769230769 0.2 0.08307692307692308 0.08923076923076922
4 0.19923076923076924 0.23076923076923078 0.11538461538461539 0.07384615384615385
4 0.7315384615384616 0.3253846153846154 0.13076923076923078 0.12461538461538461
4 0.46396923076923074 0.3465076923076923 0.08 0.06923076923076923
4 0.5965692307692307 0.46289230769230766 0.13230769230769232 0.12
4 0.23 0.4930769230769231 0.14923076923076922 0.1123076923076923
4 0.6615384615384615 0.5176923076923077 0.07692307692307693 0.07538461538461538
4 0.7669230769230769 0.686923076923077 0.13076923076923078 0.11538461538461539
4 0.4036461538461539 0.6917846153846154 0.06307692307692307 0.05846153846153846
4 0.5647846153846154 0.7059538461538462 0.08307692307692308 0.05846153846153846
4 0.3 0.7223076923076923 0.07384615384615385 0.05384615384615385
4 0.04846153846153846 0.7430769230769231 0.09692307692307692 0.08307692307692308
4 0.4323076923076923 0.7446153846153846 0.07692307692307693 0.06461538461538462
4 0.12181538461538463 0.7800615384615385 0.07076923076923076 0.043076923076923075
4 0.7930769230769231 0.9130769230769231 0.07846153846153846 0.06307692307692307
4 0.15384615384615385 0.9484615384615385 0.07384615384615385 0.05384615384615385