3 0.5775 0.39308176100628933 0.055 0.07547169811320754
3 0.6758333333333333 0.3946540880503145 0.058333333333333334 0.11635220125786164
3 0.7958333333333333 0.45440251572327045 0.04833333333333333 0.07232704402515723
3 0.705 0.47955974842767296 0.05 0.09119496855345911
3 0.5958333333333333 0.5518867924528302 0.045 0.09119496855345911
3 0.6416666666666667 0.5644654088050315 0.06333333333333334 0.09748427672955975
3 0.7091666666666666 0.5660377358490566 0.035 0.05660377358490566
3 0.43583333333333335 0.5723270440251572 0.08166666666666667 0.11949685534591195
3 0.665 0.6132075471698113 0.043333333333333335 0.0880503144654088
3 0.5641666666666667 0.6588050314465409 0.058333333333333334 0.07232704402515723
3 0.7133333333333334 0.07075471698113207 0.043333333333333335 0.07232704402515723
4 0.5375 0.7845911949685535 0.058333333333333334 0.08490566037735849
3 0.5175 0.13050314465408805 0.045 0.07861635220125786
3 0.5725 0.026729559748427674 0.04833333333333333 0.05345911949685535
3 0.7058333333333333 0.28459119496855345 0.051666666666666666 0.09119496855345911
3 0.6325 0.3081761006289308 0.04833333333333333 0.07547169811320754