5 0.3143631436314363 0.4319148936170213 0.032520325203252036 0.03829787234042553
5 0.6463414634146342 0.09361702127659574 0.03523035230352303 0.059574468085106386
5 0.6138211382113821 0.14893617021276595 0.013550135501355014 0.03404255319148936
5 0.5989159891598916 0.1723404255319149 0.02710027100271003 0.04680851063829787
5 0.6666666666666666 0.1829787234042553 0.037940379403794036 0.0425531914893617
5 0.6422764227642277 0.21063829787234042 0.02168021680216802 0.03829787234042553
5 0.6449864498644986 0.26382978723404255 0.02168021680216802 0.0425531914893617
5 0.559620596205962 0.2872340425531915 0.024390243902439025 0.029787234042553193
5 0.6043360433604336 0.33404255319148934 0.016260162601626018 0.03829787234042553
5 0.6544715447154471 0.35319148936170214 0.018970189701897018 0.03404255319148936
5 0.7208672086720868 0.3638297872340426 0.032520325203252036 0.03829787234042553