0 0.45542635658914726 0.5487179487179488 0.050387596899224806 0.07179487179487179
0 0.22868217054263565 0.5564102564102564 0.05426356589147287 0.05641025641025641
0 0.7674418604651163 0.558974358974359 0.046511627906976744 0.06153846153846154
0 0.8488372093023255 0.5615384615384615 0.05426356589147287 0.07692307692307693
0 0.563953488372093 0.5897435897435898 0.04263565891472868 0.06153846153846154
0 0.1744186046511628 0.5923076923076923 0.05426356589147287 0.07692307692307693
0 0.5174418604651163 0.6076923076923076 0.03488372093023256 0.05641025641025641
0 0.29457364341085274 0.6820512820512821 0.06201550387596899 0.07179487179487179
0 0.35852713178294576 0.7461538461538462 0.06589147286821706 0.07692307692307693
0 0.6841085271317829 0.7615384615384615 0.050387596899224806 0.07692307692307693
0 0.7422480620155039 0.8641025641025641 0.04263565891472868 0.06666666666666667
0 0.47093023255813954 0.10256410256410256 0.06589147286821706 0.05128205128205128
0 0.48255813953488375 0.1641025641025641 0.05813953488372093 0.06153846153846154
0 0.5910852713178295 0.17692307692307693 0.05813953488372093 0.08717948717948718
0 0.5503875968992248 0.28717948717948716 0.05426356589147287 0.07179487179487179
0 0.4321705426356589 0.3384615384615385 0.06589147286821706 0.08205128205128205
0 0.6569767441860465 0.4076923076923077 0.050387596899224806 0.05641025641025641
0 0.7693798449612403 0.4076923076923077 0.07364341085271318 0.09743589743589744
0 0.45348837209302323 0.4666666666666667 0.046511627906976744 0.06153846153846154
0 0.6743410852713178 0.47333333333333333 0.03875968992248062 0.046153846153846156
0 0.5135658914728682 0.5 0.05813953488372093 0.06666666666666667