1 0.2801418439716312 0.5754189944134078 0.1347517730496454 0.1787709497206704
1 0.22163120567375885 0.6787709497206704 0.07446808510638298 0.09497206703910614
4 0.49113475177304966 0.8016759776536313 0.0673758865248227 0.09497206703910614
4 0.425531914893617 0.8659217877094972 0.07801418439716312 0.0893854748603352
4 0.7677304964539007 0.9441340782122905 0.07446808510638298 0.1005586592178771
4 0.4397163120567376 0.11731843575418995 0.07801418439716312 0.0893854748603352
4 0.5656028368794326 0.1871508379888268 0.0673758865248227 0.10614525139664804
4 0.6294326241134752 0.19553072625698323 0.06028368794326241 0.1005586592178771
1 0.8138297872340425 0.24860335195530725 0.08156028368794327 0.11731843575418995
1 0.10106382978723404 0.276536312849162 0.07446808510638298 0.10614525139664804
2 0.5514184397163121 0.36033519553072624 0.08865248226950355 0.12849162011173185
1 0.3599290780141844 0.39385474860335196 0.07446808510638298 0.09497206703910614
2 0.6524822695035462 0.49441340782122906 0.09219858156028368 0.19553072625698323
3 0.41312056737588654 0.5363128491620112 0.09574468085106383 0.12290502793296089
3 0.5514184397163121 0.5502793296089385 0.07446808510638298 0.11731843575418995