3 0.41833333333333333 0.1738929889298893 0.062 0.08948339483394833
3 0.4663333333333333 0.1831180811808118 0.066 0.09870848708487084
0 0.7263333333333334 0.22370848708487084 0.06733333333333333 0.08210332103321033
5 0.8256666666666667 0.4469557195571956 0.034 0.048892988929889296
3 0.2796666666666667 0.4561808118081181 0.046 0.05996309963099631
4 0.401 0.547509225092251 0.059333333333333335 0.08025830258302583
5 0.161 0.5576568265682657 0.051333333333333335 0.03782287822878229
5 0.49233333333333335 0.5871771217712177 0.066 0.06365313653136531
3 0.3343333333333333 0.6203874538745388 0.094 0.08948339483394833
3 0.20566666666666666 0.647140221402214 0.03933333333333333 0.07287822878228782
5 0.469 0.650830258302583 0.048666666666666664 0.0470479704797048
4 0.2776666666666667 0.7181734317343174 0.074 0.07472324723247233
3 0.18033333333333335 0.7421586715867159 0.058 0.06365313653136531
0 0.705 0.7938191881918819 0.07 0.07103321033210332
3 0.389 0.8556273062730627 0.07266666666666667 0.06549815498154982
3 0.28833333333333333 0.8925276752767528 0.06066666666666667 0.08394833948339483
3 0.7216666666666667 0.897140221402214 0.06866666666666667 0.08948339483394833