5 0.33451957295373663 0.5810055865921788 0.0498220640569395 0.0670391061452514
5 0.6601423487544484 0.5893854748603352 0.046263345195729534 0.061452513966480445
5 0.4875444839857651 0.6005586592178771 0.0498220640569395 0.061452513966480445
5 0.5747330960854092 0.6145251396648045 0.03914590747330961 0.055865921787709494
5 0.30071174377224197 0.6340782122905028 0.03914590747330961 0.05027932960893855
5 0.23843416370106763 0.8156424581005587 0.042704626334519574 0.0670391061452514
5 0.6476868327402135 0.0893854748603352 0.0498220640569395 0.055865921787709494
5 0.23843416370106763 0.9189944134078212 0.042704626334519574 0.061452513966480445
5 0.6156583629893239 0.1564245810055866 0.05693950177935943 0.0782122905027933
5 0.6619217081850534 0.19273743016759776 0.06405693950177936 0.07262569832402235
5 0.5622775800711743 0.2877094972067039 0.0498220640569395 0.07262569832402235
5 0.5 0.3240223463687151 0.03914590747330961 0.055865921787709494
5 0.5604982206405694 0.3291620111731844 0.03202846975088968 0.05027932960893855
5 0.608540925266904 0.33519553072625696 0.03558718861209965 0.055865921787709494
5 0.7224199288256228 0.35195530726256985 0.0498220640569395 0.055865921787709494
5 0.37544483985765126 0.36033519553072624 0.03914590747330961 0.061452513966480445
5 0.6583629893238434 0.36312849162011174 0.0498220640569395 0.0670391061452514
5 0.3274021352313167 0.4273743016759777 0.0498220640569395 0.07262569832402235
5 0.5889679715302492 0.45251396648044695 0.046263345195729534 0.055865921787709494
5 0.40569395017793597 0.46368715083798884 0.0498220640569395 0.0670391061452514
5 0.3914590747330961 0.5335195530726257 0.042704626334519574 0.061452513966480445