5 0.505338078291815 0.5810055865921788 0.07829181494661921 0.0670391061452514
5 0.9839857651245552 0.5889385474860336 0.03202846975088968 0.055865921787709494
5 0.7402135231316725 0.6005586592178771 0.03558718861209965 0.07262569832402235
5 0.7793594306049823 0.6033519553072626 0.03558718861209965 0.055865921787709494
5 0.6334519572953736 0.6480446927374302 0.0498220640569395 0.055865921787709494
5 0.46619217081850534 0.659217877094972 0.06405693950177936 0.0782122905027933
5 0.6014234875444839 0.6620111731843575 0.042704626334519574 0.061452513966480445
5 0.39501779359430605 0.7346368715083799 0.05693950177935943 0.07262569832402235
5 0.8202846975088968 0.7402234636871509 0.03914590747330961 0.07262569832402235
5 0.6067615658362989 0.7513966480446927 0.06761565836298933 0.05027932960893855
5 0.797153024911032 0.8743016759776536 0.0498220640569395 0.05027932960893855
5 0.8073309608540926 0.09128491620111731 0.05338078291814947 0.07262569832402235
5 0.7704626334519573 0.164804469273743 0.05338078291814947 0.08379888268156424
5 0.8096085409252669 0.25139664804469275 0.046263345195729534 0.0782122905027933
5 0.8149466192170819 0.31843575418994413 0.042704626334519574 0.0782122905027933
5 0.7046263345195729 0.35195530726256985 0.0498220640569395 0.0670391061452514
5 0.5373665480427047 0.3575418994413408 0.03558718861209965 0.0782122905027933
5 0.505338078291815 0.4022346368715084 0.0498220640569395 0.055865921787709494
5 0.7064056939501779 0.41899441340782123 0.03914590747330961 0.0670391061452514
5 0.7633451957295374 0.42178770949720673 0.05338078291814947 0.09497206703910614
5 0.8268327402135232 0.42569832402234636 0.060498220640569395 0.0670391061452514
5 0.47153024911032027 0.44692737430167595 0.046263345195729534 0.055865921787709494
5 0.9128113879003559 0.44692737430167595 0.060498220640569395 0.0893854748603352
5 0.8665480427046264 0.49162011173184356 0.03202846975088968 0.1005586592178771
5 0.7324555160142349 0.5465921787709498 0.046263345195729534 0.0670391061452514
5 0.3807829181494662 0.547486033519553 0.03558718861209965 0.0670391061452514