1 0.427 0.3183183183183183 0.046 0.0960960960960961
1 0.46 0.3213213213213213 0.048 0.06606606606606606
3 0.311 0.33633633633633636 0.066 0.08408408408408409
3 0.523 0.4069069069069069 0.066 0.06906906906906907
1 0.529 0.47297297297297297 0.046 0.057057057057057055
1 0.583 0.47897897897897895 0.062 0.07507507507507508
1 0.702 0.5105105105105106 0.036 0.042042042042042045
3 0.648 0.53003003003003 0.048 0.057057057057057055
1 0.444 0.581081081081081 0.056 0.06306306306306306
1 0.673 0.5825825825825826 0.042 0.06006006006006006
1 0.661 0.6366366366366366 0.05 0.06606606606606606
4 0.445 0.6576576576576577 0.066 0.0960960960960961
1 0.504 0.6726726726726727 0.044 0.06006006006006006
1 0.855 0.6861861861861862 0.062 0.09309309309309309
4 0.769 0.07207207207207207 0.054 0.06606606606606606
1 0.534 0.7387387387387387 0.044 0.05405405405405406
1 0.754 0.7462462462462462 0.044 0.06306306306306306
3 0.617 0.7807807807807807 0.09 0.1021021021021021
4 0.603 0.8618618618618619 0.038 0.05405405405405406
1 0.924 0.9459459459459459 0.044 0.07207207207207207
1 0.971 0.9564564564564565 0.03 0.04504504504504504
4 0.744 0.15465465465465467 0.06 0.08108108108108109
4 0.591 0.18618618618618618 0.082 0.08408408408408409
3 0.363 0.25975975975975973 0.066 0.0990990990990991
4 0.619 0.26126126126126126 0.054 0.07807807807807808
4 0.529 0.2822822822822823 0.062 0.08408408408408409
4 0.525 0.28378378378378377 0.046 0.06306306306306306
4 0.815 0.2987987987987988 0.058 0.07507507507507508