5 0.255012853470437 0.3410445601851852 0.016388174807197942 0.021122685185185185
4 0.3338688946015424 0.37876157407407407 0.016066838046272493 0.018518518518518517
0 0.24437660668380462 0.4966724537037037 0.02988431876606684 0.01880787037037037
5 0.3285668380462725 0.6569733796296297 0.02217223650385604 0.01880787037037037
5 0.34286632390745503 0.6905381944444444 0.021208226221079693 0.01880787037037037
1 0.3190874035989717 0.7118055555555556 0.03406169665809768 0.02546296296296296
1 0.23955655526992287 0.7275752314814815 0.02410025706940874 0.02459490740740741
1 0.19424807197943444 0.7322048611111112 0.02602827763496144 0.019965277777777776
1 0.5906169665809768 0.7534722222222222 0.02313624678663239 0.02199074074074074
1 0.40295629820051415 0.7744502314814815 0.037917737789203085 0.03269675925925926
1 0.37275064267352187 0.8087384259259259 0.033419023136246784 0.030671296296296297
5 0.41227506426735216 0.25462962962962965 0.02377892030848329 0.016203703703703703
5 0.2699228791773779 0.2756076388888889 0.017352185089974295 0.014178240740740741