1 0.7715295629820051 0.5208333333333334 0.04113110539845758 0.031828703703703706
1 0.7038881748071979 0.5497685185185185 0.041452442159383034 0.031828703703703706
1 0.4591902313624679 0.5700231481481481 0.036632390745501286 0.034722222222222224
1 0.7578727506426736 0.5714699074074074 0.04723650385604113 0.06365740740740741
1 0.5827442159383034 0.5743634259259259 0.052377892030848326 0.05497685185185185
1 0.7144922879177378 0.5844907407407407 0.04723650385604113 0.034722222222222224
1 0.6703084832904884 0.5989583333333334 0.05077120822622108 0.043402777777777776
1 0.4471401028277635 0.6430844907407407 0.03181233933161954 0.0390625
1 0.596401028277635 0.6467013888888888 0.03470437017994859 0.031828703703703706
1 0.6751285347043702 0.6524884259259259 0.055269922879177376 0.052083333333333336
1 0.5401670951156813 0.6553819444444444 0.05077120822622108 0.034722222222222224
1 0.4800771208226221 0.6561053240740741 0.03406169665809768 0.033275462962962965
1 0.6261246786632391 0.6611689814814815 0.040809768637532134 0.03761574074074074
1 0.47927699228791776 0.6893807870370371 0.04466580976863753 0.033275462962962965
1 0.606844473007712 0.7060185185185185 0.03309768637532134 0.031828703703703706
1 0.5459511568123393 0.72265625 0.033419023136246784 0.033275462962962965
1 0.5883676092544987 0.7356770833333334 0.042416452442159386 0.0390625
1 0.6237146529562982 0.7364004629629629 0.037917737789203085 0.031828703703703706
1 0.6325514138817481 0.80078125 0.03631105398457583 0.04195601851851852
1 0.5604113110539846 0.8210358796296297 0.043701799485861184 0.04195601851851852
1 0.6317480719794345 0.8391203703703703 0.03470437017994859 0.026041666666666668
1 0.3129820051413882 0.16710069444444445 0.030205655526992288 0.027488425925925927
1 0.2768316195372751 0.1830150462962963 0.041452442159383034 0.033275462962962965