1 0.7035830618892508 0.3538602941176471 0.026058631921824105 0.049019607843137254
1 0.6913680781758957 0.4771752450980392 0.024022801302931596 0.05667892156862745
1 0.6990024429967426 0.5430453431372549 0.05232084690553746 0.07199754901960784
1 0.5956840390879479 0.5767463235294118 0.02809446254071661 0.04442401960784314
1 0.6190960912052117 0.5974264705882353 0.019951140065146578 0.03982843137254902
1 0.7687296416938111 0.6341911764705882 0.021986970684039087 0.03676470588235294
1 0.5844869706840391 0.6357230392156863 0.015879478827361564 0.03982843137254902
1 0.6206229641693811 0.6380208333333334 0.02707654723127036 0.03216911764705882
1 0.6460708469055375 0.702359068627451 0.04336319218241042 0.06587009803921569
1 0.6776262214983714 0.7115502450980392 0.023004885993485342 0.03829656862745098
1 0.5987377850162866 0.7368259803921569 0.03013029315960912 0.049019607843137254
1 0.6888232899022801 0.7712928921568627 0.023004885993485342 0.03216911764705882
1 0.6374185667752443 0.7988664215686274 0.02809446254071661 0.03216911764705882
3 0.5452972312703583 0.2604166666666667 0.016897394136807818 0.03982843137254902