1 0.7634961439588689 0.29441550925925924 0.03470437017994859 0.0390625
1 0.7916131105398457 0.4810474537037037 0.02345758354755784 0.033275462962962965
1 0.6397814910025706 0.6040219907407407 0.03470437017994859 0.03616898148148148
1 0.8076799485861182 0.6315104166666666 0.045951156812339335 0.033275462962962965
1 0.6269280205655527 0.6430844907407407 0.04113110539845758 0.04774305555555555
1 0.7112789203084833 0.6517650462962963 0.04273778920308483 0.05931712962962963
1 0.8108933161953727 0.6662326388888888 0.06330334190231363 0.044849537037037035
1 0.5972043701799485 0.6966145833333334 0.052377892030848326 0.04195601851851852
1 0.7080655526992288 0.7125289351851852 0.039524421593830336 0.0390625
1 0.7948296915167096 0.7204861111111112 0.039524421593830336 0.04050925925925926
1 0.6510282776349614 0.7559317129629629 0.032776349614395885 0.04774305555555555