5 0.41838046272493573 0.2894965277777778 0.01992287917737789 0.018229166666666668
5 0.2713688946015424 0.30454282407407407 0.03181233933161954 0.01707175925925926
3 0.2797236503856041 0.4641695601851852 0.03823907455012854 0.02980324074074074
5 0.2532133676092545 0.5413773148148148 0.021208226221079693 0.016203703703703703
5 0.22204370179948585 0.5532407407407407 0.016709511568123392 0.019097222222222224
5 0.26365681233933164 0.5957754629629629 0.018958868894601542 0.015046296296296295
5 0.2519280205655527 0.6121238425925926 0.016709511568123392 0.01707175925925926
5 0.42014781491002573 0.6303530092592593 0.018958868894601542 0.022858796296296297
5 0.4050449871465296 0.6617476851851852 0.03181233933161954 0.027777777777777776
1 0.24517994858611825 0.6671006944444444 0.030848329048843187 0.03443287037037037
5 0.20469151670951158 0.6791087962962963 0.02956298200514139 0.03356481481481482
5 0.512853470437018 0.18344907407407407 0.013496143958868894 0.016203703703703703
5 0.35909383033419023 0.2630208333333333 0.018958868894601542 0.013310185185185185
5 0.6274100257069408 0.27358217592592593 0.02217223650385604 0.015335648148148149
5 0.5025706940874036 0.27734375 0.016709511568123392 0.011284722222222222