5 0.3987789203084833 0.29875578703703703 0.03406169665809768 0.022858796296296297
5 0.30430591259640105 0.3219039351851852 0.02313624678663239 0.022858796296296297
5 0.3724293059125964 0.41724537037037035 0.03920308483290488 0.02488425925925926
5 0.24132390745501286 0.42939814814814814 0.03406169665809768 0.02199074074074074
5 0.2127249357326478 0.4900173611111111 0.01992287917737789 0.019965277777777776
5 0.1774293059125964 0.5339525462962963 0.02859897172236504 0.02488425925925926
5 0.29980719794344474 0.5384837962962963 0.02442159383033419 0.03935185185185185
5 0.45726221079691515 0.5410879629629629 0.030848329048843187 0.023726851851851853
3 0.6005784061696658 0.5890248842592593 0.032776349614395885 0.020833333333333332
5 0.2578727506426735 0.6459780092592593 0.02217223650385604 0.022858796296296297
1 0.3232647814910026 0.7364004629629629 0.02634961439588689 0.02662037037037037
1 0.3671304627249357 0.7436805555555556 0.041452442159383034 0.03732638888888889
1 0.15408097686375322 0.7544849537037037 0.058804627249357325 0.04311342592592592
1 0.5377570694087404 0.21484375 0.07230077120822623 0.06336805555555555
5 0.5142994858611826 0.2701099537037037 0.02538560411311054 0.019965277777777776