3 0.27422638436482083 0.30943627450980393 0.041530944625407164 0.08149509803921569
3 0.40075325732899025 0.31525735294117646 0.06820032573289903 0.09681372549019608
3 0.6871946254071661 0.39598651960784315 0.048249185667752444 0.0818014705882353
3 0.617671009771987 0.39767156862745096 0.03705211726384365 0.06862745098039216
4 0.5806188925081434 0.5071997549019608 0.04315960912052117 0.07199754901960784
3 0.6221498371335505 0.5277267156862745 0.061074918566775244 0.08670343137254902
3 0.4693607491856677 0.6219362745098039 0.07308631921824105 0.07475490196078431
3 0.6703990228013029 0.07123161764705882 0.06881107491856678 0.0897671568627451
0 0.7659812703583062 0.7815563725490197 0.06453583061889251 0.08517156862745098
3 0.6273412052117264 0.8141850490196079 0.05028501628664495 0.06341911764705882
3 0.7376832247557004 0.8662683823529411 0.04499185667752443 0.07996323529411764
3 0.4556188925081433 0.18612132352941177 0.05618892508143322 0.09037990196078431
3 0.6155333876221498 0.3043811274509804 0.05842833876221498 0.0818014705882353