2 0.386086118251928 0.3689236111111111 0.08322622107969152 0.08969907407407407
4 0.7763496143958869 0.5973668981481481 0.03920308483290488 0.0390625
3 0.5290809768637532 0.6235532407407407 0.05494858611825193 0.04918981481481482
3 0.4800771208226221 0.625 0.05912596401028278 0.06944444444444445
4 0.530366323907455 0.6252893518518519 0.045951156812339335 0.03530092592592592
0 0.6233933161953727 0.7345196759259259 0.04177377892030849 0.04716435185185185
4 0.7940231362467867 0.7364004629629629 0.03470437017994859 0.046296296296296294
3 0.4993573264781491 0.8666087962962963 0.062339331619537273 0.05787037037037037
4 0.5011246786632391 0.8708043981481481 0.045951156812339335 0.04137731481481482
4 0.7361825192802056 0.9116030092592593 0.05912596401028278 0.04716435185185185
2 0.555607326478149 0.10556423611111111 0.15038560411311053 0.12152777777777778
3 0.5104434447300771 0.21484375 0.052377892030848326 0.06221064814814815
4 0.3462403598971722 0.25390625 0.04209511568123393 0.04137731481481482