5 0.5485218508997429 0.2906539351851852 0.016066838046272493 0.013020833333333334
5 0.6804305912596401 0.2907986111111111 0.041452442159383034 0.019675925925925927
5 0.6556876606683805 0.31061921296296297 0.02538560411311054 0.013599537037037037
5 0.7609254498714653 0.3609664351851852 0.030848329048843187 0.0234375
5 0.7835796915167095 0.4049479166666667 0.027956298200514137 0.02228009259259259
1 0.8251928020565553 0.41030092592592593 0.01992287917737789 0.011574074074074073
5 0.6768958868894601 0.4429976851851852 0.01960154241645244 0.013888888888888888
5 0.7218830334190232 0.4542824074074074 0.018316195372750643 0.014467592592592593
5 0.8036632390745502 0.46903935185185186 0.04177377892030849 0.009259259259259259
3 0.8179627249357326 0.4894386574074074 0.02474293059125964 0.011284722222222222
1 0.8383676092544987 0.5060763888888888 0.03406169665809768 0.02025462962962963
5 0.7541773778920309 0.5682870370370371 0.017352185089974295 0.019097222222222224
5 0.7188303341902313 0.6297743055555556 0.02634961439588689 0.014178240740740741
3 0.8166773778920309 0.7973090277777778 0.02474293059125964 0.014756944444444444