1 0.3161953727506427 0.3324652777777778 0.04562982005141388 0.02546296296296296
1 0.14910025706940874 0.35966435185185186 0.03406169665809768 0.032407407407407406
1 0.2810089974293059 0.7057291666666666 0.03759640102827763 0.03009259259259259
1 0.3481683804627249 0.7219328703703703 0.04723650385604113 0.03761574074074074
1 0.1599357326478149 0.7445833333333334 0.05173521850899743 0.019675925925925927
1 0.5702120822622108 0.8975694444444444 0.03823907455012854 0.023726851851851853
1 0.5607326478149101 0.9224537037037037 0.027634961439588688 0.023726851851851853
0 0.5088367609254498 0.20225694444444445 0.02410025706940874 0.019675925925925927
0 0.5509318766066839 0.2105034722222222 0.02410025706940874 0.018229166666666668
0 0.5404884318766067 0.2165798611111111 0.018637532133676093 0.014756944444444444
5 0.5866002570694088 0.22960069444444445 0.01703084832904884 0.015335648148148149
0 0.5292416452442159 0.2332175925925926 0.02249357326478149 0.023726851851851853
5 0.5779241645244216 0.24681712962962962 0.021529562982005142 0.014467592592592593
1 0.5102827763496144 0.26750578703703703 0.02956298200514139 0.02980324074074074