1 0.34109897172236503 0.6611689814814815 0.035025706940874035 0.026041666666666668
1 0.2945051413881748 0.6908275462962963 0.05109254498714653 0.0390625
1 0.36359254498714655 0.6929976851851852 0.035025706940874035 0.028935185185185185
1 0.386086118251928 0.7175925925925926 0.03823907455012854 0.031828703703703706
1 0.2704048843187661 0.7183159722222222 0.04466580976863753 0.033275462962962965
1 0.34109897172236503 0.7407407407407407 0.05109254498714653 0.03761574074074074
1 0.2639781491002571 0.7508680555555556 0.04209511568123393 0.026041666666666668
1 0.3065552699228792 0.7581018518518519 0.02699228791773779 0.028935185185185185
1 0.379659383033419 0.7769097222222222 0.035025706940874035 0.031828703703703706
1 0.31137532133676094 0.8043981481481481 0.030205655526992288 0.026041666666666668
1 0.3378856041131105 0.8289930555555556 0.05173521850899743 0.05497685185185185