1 0.16934447300771208 0.5515046296296297 0.02956298200514139 0.020833333333333332
1 0.28213367609254497 0.5629340277777778 0.037275064267352186 0.03269675925925926
1 0.15424164524421594 0.5672743055555556 0.030205655526992288 0.026331018518518517
1 0.20051413881748073 0.5934606481481481 0.03984575835475578 0.027777777777777776
1 0.41645244215938304 0.6135706018518519 0.032776349614395885 0.03269675925925926
1 0.13688946015424164 0.6184895833333334 0.02956298200514139 0.024016203703703703
1 0.11327120822622108 0.6349826388888888 0.02667095115681234 0.026331018518518517
1 0.1769280205655527 0.6430237268518518 0.031169665809768637 0.0234375
1 0.22911311053984576 0.6497395833333334 0.043701799485861184 0.04716435185185185
1 0.36230719794344474 0.6597222222222222 0.03181233933161954 0.031828703703703706
1 0.27008354755784064 0.6942997685185185 0.03823907455012854 0.049479166666666664
1 0.1796272493573265 0.7167245370370371 0.05334190231362468 0.03819444444444445
1 0.4133997429305913 0.7207754629629629 0.040809768637532134 0.031828703703703706
1 0.22606041131105398 0.7284432870370371 0.04273778920308483 0.03269675925925926
1 0.3036632390745501 0.7411747685185185 0.030205655526992288 0.026331018518518517
1 0.2080655526992288 0.7484085648148148 0.039524421593830336 0.033275462962962965
1 0.2906491002570694 0.7813946759259259 0.034383033419023136 0.026331018518518517
1 0.31683804627249357 0.8191550925925926 0.03534704370179949 0.03761574074074074
1 0.31683804627249357 0.8803530092592593 0.03406169665809768 0.025173611111111112
4 0.5568766066838047 0.9228877314814815 0.037275064267352186 0.02459490740740741
4 0.5970437017994858 0.2115162037037037 0.037275064267352186 0.031828703703703706