1 0.19890745501285348 0.5193865740740741 0.03984575835475578 0.034722222222222224
4 0.31458868894601544 0.5274884259259259 0.037917737789203085 0.030671296296296297
1 0.18123393316195371 0.5700231481481481 0.043701799485861184 0.034722222222222224
1 0.2639781491002571 0.6148726851851852 0.05109254498714653 0.046296296296296294
1 0.3033419023136247 0.6597222222222222 0.04048843187660668 0.04918981481481482
3 0.5996143958868895 0.6785300925925926 0.031491002570694086 0.026041666666666668
1 0.20613753213367608 0.6958912037037037 0.03823907455012854 0.078125
3 0.24389460154241646 0.7146990740740741 0.04048843187660668 0.03761574074074074
1 0.35475578406169667 0.7899305555555556 0.056555269922879174 0.046296296296296294
4 0.530366323907455 0.9068287037037037 0.02731362467866324 0.032407407407407406
3 0.5731041131105399 0.9230324074074074 0.045951156812339335 0.034722222222222224