1 0.8165167095115681 0.33347800925925924 0.04434447300771208 0.05931712962962963
1 0.8261568123393316 0.44343171296296297 0.031491002570694086 0.04195601851851852
1 0.386086118251928 0.5852141203703703 0.03823907455012854 0.053530092592592594
1 0.8340295629820051 0.5888310185185185 0.04787917737789203 0.04918981481481482
1 0.8213367609254498 0.6278935185185185 0.05205655526992288 0.052083333333333336
1 0.6213046272493573 0.6467013888888888 0.058804627249357325 0.07233796296296297
1 0.5490038560411311 0.6524884259259259 0.04273778920308483 0.043402777777777776
1 0.6759318766066839 0.6763599537037037 0.05559125964010283 0.07378472222222222
1 0.8229434447300771 0.6792534722222222 0.06491002570694088 0.053530092592592594
1 0.7707262210796915 0.6908275462962963 0.045951156812339335 0.05931712962962963
1 0.6421915167095116 0.6966145833333334 0.06651670951156813 0.0390625
1 0.6108611825192802 0.7689525462962963 0.03470437017994859 0.04774305555555555
1 0.32663881748071977 0.12008101851851852 0.04466580976863753 0.043402777777777776
3 0.4591902313624679 0.12225115740740741 0.036632390745501286 0.027488425925925927
3 0.4045629820051414 0.13527199074074073 0.036632390745501286 0.027488425925925927
1 0.3033419023136247 0.15769675925925927 0.036632390745501286 0.04050925925925926
1 0.42705655526992287 0.1685474537037037 0.036632390745501286 0.03616898148148148
1 0.47766709511568123 0.18590856481481483 0.02859897172236504 0.03616898148148148
1 0.544344473007712 0.19241898148148148 0.02699228791773779 0.04050925925925926
1 0.41259640102827766 0.21195023148148148 0.05012853470437018 0.03616898148148148
5 0.6646850899742931 0.234375 0.01703084832904884 0.026041666666666668
1 0.34109897172236503 0.25535300925925924 0.03181233933161954 0.0390625