1 0.6632390745501285 0.5986689814814815 0.02699228791773779 0.02488425925925926
1 0.48553984575835474 0.6121238425925926 0.02570694087403599 0.020543981481481483
1 0.7011568123393316 0.6423611111111112 0.02313624678663239 0.02141203703703704
0 0.531008997429306 0.6691261574074074 0.017673521850899744 0.015914351851851853
1 0.725417737789203 0.6812789351851852 0.021529562982005142 0.024016203703703703
1 0.5917416452442159 0.6866319444444444 0.01960154241645244 0.018518518518518517
1 0.5790488431876607 0.6918402777777778 0.021208226221079693 0.022569444444444444
1 0.5568766066838047 0.7026909722222222 0.02956298200514139 0.02459490740740741
1 0.6090938303341902 0.7287326388888888 0.03309768637532134 0.024016203703703703
1 0.6444408740359897 0.7408854166666666 0.03823907455012854 0.02806712962962963
1 0.5885282776349614 0.8226273148148148 0.02602827763496144 0.018518518518518517
1 0.5631426735218509 0.8334780092592593 0.031169665809768637 0.02228009259259259