1 0.45999357326478146 0.6112557870370371 0.057519280205655526 0.030381944444444444
1 0.6502249357326478 0.6155960648148148 0.03631105398457583 0.0390625
1 0.7000321336760925 0.6271701388888888 0.04723650385604113 0.03616898148148148
1 0.4832904884318766 0.6495949074074074 0.037275064267352186 0.05787037037037037
1 0.4495501285347044 0.6582754629629629 0.05269922879177378 0.034722222222222224
1 0.6719151670951157 0.6792534722222222 0.031491002570694086 0.030381944444444444
1 0.6437982005141388 0.6901041666666666 0.02988431876606684 0.034722222222222224
1 0.6936053984575835 0.6915509259259259 0.02474293059125964 0.026041666666666668
1 0.44232005141388175 0.6944444444444444 0.06137532133676093 0.046296296296296294
1 0.532133676092545 0.7074652777777778 0.09575835475578406 0.05497685185185185
1 0.7385925449871465 0.7262731481481481 0.039524421593830336 0.03761574074074074
1 0.7699228791773779 0.7320601851851852 0.03920308483290488 0.043402777777777776
1 0.5401670951156813 0.8043981481481481 0.04113110539845758 0.031828703703703706
1 0.6036311053984575 0.8232060185185185 0.04916452442159383 0.046296296296296294
1 0.5658740359897172 0.8463541666666666 0.04755784061696658 0.028935185185185185
1 0.5883676092544987 0.8839699074074074 0.042416452442159386 0.026041666666666668
1 0.5779241645244216 0.9071180555555556 0.031169665809768637 0.031828703703703706
1 0.36118251928020567 0.19675925925925927 0.04948586118251928 0.046296296296296294