5 0.7606041131105399 0.29296875 0.02570694087403599 0.019386574074074073
4 0.7641902313624678 0.2977430555555556 0.03406169665809768 0.02546296296296296
4 0.2861086118251928 0.5742853009259259 0.02731362467866324 0.02662037037037037
4 0.5962403598971723 0.7116608796296297 0.02731362467866324 0.022858796296296297
3 0.7207583547557841 0.7118055555555556 0.04048843187660668 0.04224537037037037
4 0.2712082262210797 0.7164351851851852 0.04498714652956298 0.03414351851851852
4 0.6666131105398457 0.7779224537037037 0.030526992287917738 0.025173611111111112
4 0.5845115681233933 0.7796585648148148 0.02377892030848329 0.021122685185185185
4 0.6455655526992288 0.8120659722222222 0.02313624678663239 0.0234375
4 0.6368894601542416 0.8294270833333334 0.02056555269922879 0.020543981481481483
4 0.29611182519280205 0.8444733796296297 0.035668380462724934 0.02980324074074074
4 0.6892673521850899 0.8464988425925926 0.021850899742930592 0.021122685185185185
4 0.34045629820051415 0.8988715277777778 0.02731362467866324 0.0234375
4 0.5382390745501285 0.9207175925925926 0.03598971722365039 0.027199074074074073
4 0.4845758354755784 0.94140625 0.02570694087403599 0.019386574074074073
4 0.5739074550128535 0.9735243055555556 0.02313624678663239 0.019386574074074073
4 0.5663560411311054 0.11530671296296297 0.02924164524421594 0.02228009259259259
4 0.5453084832904884 0.125 0.03534704370179949 0.029513888888888888
5 0.5739074550128535 0.1550925925925926 0.021208226221079693 0.012152777777777778
5 0.5469151670951157 0.1584201388888889 0.02506426735218509 0.021122685185185185
4 0.40343830334190234 0.16116898148148148 0.031169665809768637 0.027199074074074073
4 0.6381748071979434 0.19618055555555555 0.043059125964010285 0.031828703703703706
5 0.5435411311053985 0.20081018518518517 0.021529562982005142 0.012152777777777778
5 0.5581619537275064 0.20399305555555555 0.012853470437017995 0.01273148148148148
5 0.4961439588688946 0.2048611111111111 0.014781491002570694 0.015625
5 0.5133354755784062 0.20572916666666666 0.015102827763496144 0.01273148148148148
5 0.5518958868894601 0.2175925925925926 0.01703084832904884 0.012152777777777778
5 0.5260282776349614 0.22366898148148148 0.013496143958868894 0.015625
5 0.4857005141388175 0.22743055555555555 0.018316195372750643 0.01678240740740741
5 0.6124678663239075 0.22858796296296297 0.01992287917737789 0.017361111111111112
5 0.4746143958868895 0.23365162037037038 0.01992287917737789 0.021122685185185185
5 0.5604113110539846 0.2421875 0.01992287917737789 0.01678240740740741
5 0.5247429305912596 0.24247685185185186 0.02377892030848329 0.017361111111111112
5 0.535025706940874 0.2534722222222222 0.018637532133676093 0.013888888888888888
5 0.5451478149100257 0.2586805555555556 0.013817480719794344 0.013310185185185185
5 0.6118251928020566 0.2621527777777778 0.021208226221079693 0.015625
5 0.5073907455012854 0.2640335648148148 0.02249357326478149 0.019386574074074073
5 0.6446015424164524 0.2703993055555556 0.021208226221079693 0.01880787037037037