1 0.2888817480719794 0.33275462962962965 0.036632390745501286 0.04918981481481482
1 0.3378856041131105 0.34794560185185186 0.02602827763496144 0.04195601851851852
1 0.3523457583547558 0.4123263888888889 0.04466580976863753 0.06655092592592593
1 0.44553341902313626 0.48538773148148145 0.04787917737789203 0.06510416666666667
1 0.32181876606683807 0.5316840277777778 0.041452442159383034 0.04195601851851852
1 0.2704048843187661 0.6098090277777778 0.035025706940874035 0.033275462962962965
1 0.34832904884318766 0.6206597222222222 0.05269922879177378 0.04918981481481482
1 0.1875 0.6901041666666666 0.059447300771208224 0.08101851851851852
3 0.5883676092544987 0.7175925925925926 0.04113110539845758 0.052083333333333336
1 0.25433804627249357 0.7291666666666666 0.05494858611825193 0.043402777777777776
1 0.39974293059125965 0.8022280092592593 0.043059125964010285 0.05931712962962963
1 0.40857969151670953 0.8731192129629629 0.03181233933161954 0.03616898148148148
1 0.7169023136246787 0.8745659722222222 0.05077120822622108 0.053530092592592594
1 0.45196015424164526 0.8940972222222222 0.035668380462724934 0.04050925925925926