4 0.6197916666666666 0.3111111111111111 0.027083333333333334 0.03333333333333333
4 0.553125 0.34305555555555556 0.03125 0.03611111111111111
4 0.534375 0.36527777777777776 0.03958333333333333 0.04722222222222222
2 0.5083333333333333 0.4375 0.09583333333333334 0.11388888888888889
3 0.453125 0.5777777777777777 0.03958333333333333 0.044444444444444446
3 0.5125 0.6722222222222223 0.041666666666666664 0.03333333333333333
4 0.43020833333333336 0.6986111111111111 0.035416666666666666 0.03611111111111111
3 0.5083333333333333 0.7027777777777777 0.05 0.03333333333333333
4 0.41458333333333336 0.7305555555555555 0.0375 0.027777777777777776
4 0.48125 0.7361111111111112 0.0375 0.03888888888888889
3 0.5088958333333333 0.7598333333333334 0.058333333333333334 0.06111111111111111
3 0.5239583333333333 0.8166666666666667 0.035416666666666666 0.05