4 0.2771529562982005 0.3030960648148148 0.02731362467866324 0.015914351851851853
4 0.6492609254498715 0.6605902777777778 0.041452442159383034 0.027199074074074073
4 0.3653598971722365 0.6743344907407407 0.030205655526992288 0.025752314814814815
4 0.24855398457583547 0.6847511574074074 0.02731362467866324 0.02459490740740741
4 0.4407133676092545 0.9293981481481481 0.015745501285347043 0.019675925925925927
4 0.4616002570694087 0.9317129629629629 0.02024421593830334 0.013888888888888888
4 0.5536632390745502 0.9490740740740741 0.021850899742930592 0.014467592592592593
5 0.42930591259640105 0.18098958333333334 0.028277634961439587 0.019965277777777776
5 0.46593830334190234 0.20167824074074073 0.017352185089974295 0.01273148148148148
5 0.5056233933161953 0.21976273148148148 0.021529562982005142 0.013020833333333334
5 0.43541131105398456 0.2298900462962963 0.02249357326478149 0.016493055555555556
5 0.4471401028277635 0.2608506944444444 0.021529562982005142 0.011284722222222222