5 0.5371143958868895 0.3052662037037037 0.02538560411311054 0.02025462962962963
5 0.7546593830334191 0.35517939814814814 0.02345758354755784 0.027488425925925927
5 0.8028598971722365 0.3566261574074074 0.02667095115681234 0.027488425925925927
5 0.7128856041131105 0.37471064814814814 0.02988431876606684 0.028935185185185185
5 0.8100899742930592 0.42607060185185186 0.021850899742930592 0.03616898148148148
5 0.8020565552699229 0.5251736111111112 0.031491002570694086 0.031828703703703706
5 0.8028598971722365 0.5700231481481481 0.02988431876606684 0.026041666666666668
5 0.7731362467866324 0.6061921296296297 0.015424164524421594 0.017361111111111112
5 0.6630655526992288 0.6177662037037037 0.02988431876606684 0.031828703703703706
5 0.7104755784061697 0.6438078703703703 0.018637532133676093 0.023148148148148147
5 0.6084511568123393 0.6532118055555556 0.039524421593830336 0.030381944444444444
5 0.7128856041131105 0.6698495370370371 0.01703084832904884 0.02025462962962963
5 0.7321658097686375 0.6792534722222222 0.02667095115681234 0.027488425925925927
5 0.6823586118251928 0.6828703703703703 0.02345758354755784 0.02025462962962963
5 0.6229113110539846 0.6951678240740741 0.02345758354755784 0.01880787037037037
5 0.6510282776349614 0.7009548611111112 0.02506426735218509 0.02459490740740741
5 0.7594794344473008 0.703125 0.02667095115681234 0.026041666666666668
5 0.8374035989717223 0.7269965277777778 0.028277634961439587 0.030381944444444444
5 0.537917737789203 0.7855902777777778 0.036632390745501286 0.014467592592592593
5 0.5330976863753213 0.22641782407407407 0.030205655526992288 0.021701388888888888
5 0.4680269922879177 0.2633101851851852 0.02859897172236504 0.017361111111111112
5 0.5041773778920309 0.2756076388888889 0.02377892030848329 0.030381944444444444