3 0.3740359897172236 0.31177662037037035 0.037275064267352186 0.03616898148148148
0 0.42384318766066836 0.6506076388888888 0.032776349614395885 0.028645833333333332
0 0.24782776349614397 0.6877893518518519 0.03181233933161954 0.03009259259259259
0 0.20533419023136246 0.6882233796296297 0.03920308483290488 0.030960648148148147
0 0.317159383033419 0.6990740740740741 0.038560411311053984 0.031828703703703706
0 0.2908097686375321 0.8023726851851852 0.038560411311053984 0.031828703703703706
0 0.28823907455012854 0.8890335648148148 0.033419023136246784 0.03153935185185185
0 0.3758033419023136 0.9010416666666666 0.02859897172236504 0.024305555555555556
3 0.4897172236503856 0.15335648148148148 0.04627249357326478 0.03761574074074074
3 0.34431233933161953 0.2300347222222222 0.04787917737789203 0.052083333333333336
3 0.5194408740359897 0.23509837962962962 0.04787917737789203 0.044849537037037035
3 0.4471401028277635 0.24522569444444445 0.05430591259640103 0.053530092592592594
3 0.4005462724935733 0.2647569444444444 0.04209511568123393 0.04918981481481482
4 0.5580012853470437 0.2734375 0.035025706940874035 0.037037037037037035