0 0.34545454545454546 0.3520408163265306 0.1 0.09863945578231292
4 0.5931818181818181 0.41836734693877553 0.08636363636363636 0.061224489795918366
0 0.8863636363636364 0.4608843537414966 0.10909090909090909 0.0782312925170068
4 0.6522727272727272 0.5374149659863946 0.10454545454545454 0.061224489795918366
4 0.45 0.5833333333333334 0.11818181818181818 0.09183673469387756
4 0.8818181818181818 0.6020408163265306 0.1 0.08163265306122448
4 0.7227272727272728 0.6190476190476191 0.08181818181818182 0.06802721088435375
4 0.8977272727272727 0.6785714285714286 0.08636363636363636 0.0782312925170068
4 0.5136363636363637 0.70578231292517 0.09090909090909091 0.05782312925170068
0 0.5863636363636363 0.7380952380952381 0.1 0.06802721088435375
0 0.5227272727272727 0.14795918367346939 0.12727272727272726 0.11224489795918367
3 0.7613636363636364 0.2465986394557823 0.12272727272727273 0.09863945578231292
4 0.615909090909091 0.3197278911564626 0.07727272727272727 0.05442176870748299
4 0.7363636363636363 0.33843537414965985 0.11818181818181818 0.09863945578231292