5 0.3597365038560411 0.34360532407407407 0.035025706940874035 0.025752314814814815
5 0.31373071979434447 0.4201880787037037 0.02442159383033419 0.03674768518518518
3 0.29739717223650386 0.46079282407407407 0.02859897172236504 0.022858796296296297
1 0.272172236503856 0.4849537037037037 0.02956298200514139 0.036458333333333336
5 0.44376606683804626 0.5151909722222222 0.02956298200514139 0.03153935185185185
1 0.3065552699228792 0.5167824074074074 0.04691516709511568 0.04224537037037037
3 0.3517030848329049 0.5232928240740741 0.03823907455012854 0.040219907407407406
1 0.35218508997429304 0.5724826388888888 0.043701799485861184 0.05179398148148148
1 0.317159383033419 0.5862268518518519 0.03598971722365039 0.04224537037037037
5 0.4350899742930591 0.6164641203703703 0.027634961439588688 0.025752314814814815
1 0.30494858611825193 0.7183159722222222 0.05848329048843188 0.040219907407407406
1 0.37098329048843187 0.7187962962962963 0.057519280205655526 0.048900462962962965
2 0.32578084832904886 0.7583420138888889 0.046593830334190234 0.03616898148148148