1 0.6460708469055375 0.3400735294117647 0.04132736156351791 0.061274509803921566
1 0.4883957654723127 0.3599877450980392 0.035423452768729644 0.05514705882352941
1 0.806799674267101 0.36075367647058826 0.02728013029315961 0.07199754901960784
1 0.6262214983713354 0.4319852941176471 0.038273615635179156 0.0704656862745098
1 0.6908591205211726 0.47640931372549017 0.029112377850162866 0.061274509803921566
1 0.5290105863192183 0.48636642156862747 0.03521986970684039 0.05974264705882353
1 0.7142711726384365 0.5215992647058824 0.036034201954397396 0.047487745098039214
1 0.6165513029315961 0.5353860294117647 0.039291530944625404 0.05974264705882353
1 0.6715187296416938 0.5514705882352942 0.04947068403908795 0.06433823529411764
1 0.5570032573289903 0.6732536764705882 0.038273615635179156 0.078125
1 0.6068811074918566 0.7169117647058824 0.05456026058631922 0.08272058823529412
3 0.5865228013029316 0.8678002450980392 0.02809446254071661 0.050551470588235295