1 0.4591902313624679 0.31843171296296297 0.032133676092544985 0.03211805555555555
4 0.18155526992287918 0.3719618055555556 0.031491002570694086 0.019386574074074073
5 0.5171915167095116 0.5389178240740741 0.02217223650385604 0.021122685185185185
0 0.41645244215938304 0.6362847222222222 0.032133676092544985 0.02546296296296296
5 0.3396529562982005 0.6724537037037037 0.033419023136246784 0.024305555555555556
1 0.11616966580976863 0.674609375 0.030205655526992288 0.02199074074074074
1 0.17287917737789202 0.6929976851851852 0.02570694087403599 0.017361111111111112
1 0.13431876606683804 0.6944444444444444 0.032776349614395885 0.028356481481481483
1 0.16002570694087404 0.7018229166666666 0.032776349614395885 0.021701388888888888
5 0.4852185089974293 0.7284432870370371 0.019280205655526992 0.016493055555555556
3 0.1701478149100257 0.7537615740740741 0.02859897172236504 0.024305555555555556
5 0.44328406169665807 0.8893229166666666 0.02281491002570694 0.018229166666666668
4 0.32005141388174807 0.9136284722222222 0.032776349614395885 0.026909722222222224
1 0.29370179948586117 0.2667824074074074 0.032776349614395885 0.027777777777777776
1 0.37837403598971725 0.2777777777777778 0.03695372750642673 0.03587962962962963