5 0.514620822622108 0.3146701388888889 0.018958868894601542 0.02459490740740741
5 0.5154241645244216 0.37181712962962965 0.030205655526992288 0.023148148148148147
5 0.6911953727506427 0.44560185185185186 0.028277634961439587 0.028935185185185185
5 0.4383033419023136 0.45066550925925924 0.02699228791773779 0.021701388888888888
5 0.5435411311053985 0.4586226851851852 0.018958868894601542 0.023148148148148147
5 0.4471401028277635 0.5150462962962963 0.02538560411311054 0.023148148148148147
5 0.4399100257069409 0.6423611111111112 0.014138817480719794 0.02025462962962963
5 0.4527634961439589 0.6503182870370371 0.02442159383033419 0.01880787037037037
5 0.4101863753213368 0.6712962962962963 0.018958868894601542 0.023148148148148147
1 0.5915809768637532 0.7877604166666666 0.031491002570694086 0.030381944444444444
1 0.5731041131105399 0.8138020833333334 0.02345758354755784 0.02459490740740741
5 0.609254498714653 0.25969328703703703 0.021850899742930592 0.02459490740740741