3 0.4173611111111111 0.29453125 0.1763888888888889 0.0671875
3 0.6493055555555556 0.31484375 0.07916666666666666 0.0578125
3 0.5645833333333333 0.39765625 0.09861111111111111 0.0640625
3 0.7298611111111111 0.4203125 0.12361111111111112 0.046875
3 0.6583333333333333 0.43515625 0.06388888888888888 0.0421875
3 0.41458333333333336 0.44609375 0.10972222222222222 0.0765625
3 0.8145833333333333 0.4796875 0.08472222222222223 0.04375
3 0.4618055555555556 0.54609375 0.06527777777777778 0.0484375
3 0.27152777777777776 0.546875 0.15138888888888888 0.08125
3 0.5118055555555555 0.5671875 0.09027777777777778 0.053125
3 0.3770833333333333 0.63828125 0.09583333333333334 0.0453125
3 0.29791666666666666 0.659375 0.08472222222222223 0.0625
3 0.4131944444444444 0.6984375 0.13194444444444445 0.065625