0 0.3931555269922879 0.4830729166666667 0.027956298200514137 0.021122685185185185
0 0.3544344473007712 0.6069155092592593 0.031491002570694086 0.02922453703703704
0 0.6248393316195373 0.6391782407407407 0.018316195372750643 0.017939814814814815
0 0.6066838046272494 0.6639178240740741 0.02699228791773779 0.022858796296296297
0 0.5043380462724936 0.6737557870370371 0.035668380462724934 0.02980324074074074
0 0.33499357326478146 0.6753472222222222 0.035025706940874035 0.02662037037037037
0 0.2736182519280206 0.7397280092592593 0.031169665809768637 0.024016203703703703
0 0.3472043701799486 0.7609953703703703 0.059447300771208224 0.041087962962962965
0 0.25482005141388175 0.7638888888888888 0.019280205655526992 0.024305555555555556
0 0.46738431876606684 0.7666377314814815 0.02859897172236504 0.02980324074074074
0 0.5425771208226221 0.7848668981481481 0.035668380462724934 0.028645833333333332
0 0.27281491002570696 0.7868923611111112 0.02570694087403599 0.019965277777777776
0 0.42384318766066836 0.7978877314814815 0.036632390745501286 0.03211805555555555
0 0.6945694087403599 0.9542824074074074 0.02859897172236504 0.032407407407407406
0 0.6836439588688946 0.9868344907407407 0.03309768637532134 0.026331018518518517