3 0.8107695439739414 0.32536764705882354 0.020969055374592833 0.041666666666666664
4 0.747557003257329 0.3590686274509804 0.018729641693811076 0.04656862745098039
4 0.7033794788273615 0.36090686274509803 0.02687296416938111 0.032475490196078434
4 0.6679560260586319 0.3704044117647059 0.0248371335504886 0.03676470588235294
4 0.5266693811074918 0.41942401960784315 0.0248371335504886 0.02696078431372549
4 0.4903298045602606 0.42233455882352944 0.02259771986970684 0.030943627450980393
4 0.7774837133550488 0.44745710784313725 0.028501628664495113 0.03400735294117647
4 0.6239820846905537 0.45389093137254904 0.0248371335504886 0.03829656862745098
4 0.472821661237785 0.4606311274509804 0.02259771986970684 0.030943627450980393
4 0.5677931596091205 0.49019607843137253 0.026465798045602607 0.0392156862745098
4 0.7126425081433225 0.4955575980392157 0.02259771986970684 0.03829656862745098
4 0.5408184039087948 0.5055147058823529 0.025855048859934854 0.027573529411764705
4 0.7014454397394136 0.5314031862745098 0.024226384364820847 0.043198529411764705
4 0.6758957654723127 0.5343137254901961 0.023208469055374593 0.032475490196078434
4 0.5810260586319218 0.5481004901960784 0.02809446254071661 0.027573529411764705
4 0.4814739413680782 0.5493259803921569 0.023208469055374593 0.03002450980392157
4 0.5392915309446255 0.5620404411764706 0.021579804560260585 0.035845588235294115
4 0.5557817589576547 0.5621936274509803 0.025244299674267102 0.04718137254901961
4 0.7361563517915309 0.5721507352941176 0.018729641693811076 0.03155637254901961
4 0.6517711726384365 0.5776654411764706 0.035627035830618894 0.04381127450980392
4 0.5071254071661238 0.5922181372549019 0.02809446254071661 0.032475490196078434
3 0.28471091205211724 0.5923713235294118 0.028705211726384364 0.050551470588235295
4 0.31667345276872966 0.5966605392156863 0.018933224755700327 0.03155637254901961
4 0.6504478827361564 0.6377144607843137 0.026465798045602607 0.02665441176470588
4 0.19686482084690554 0.6478247549019608 0.02280130293159609 0.03400735294117647
4 0.6859731270358306 0.6508884803921569 0.02259771986970684 0.033394607843137254
4 0.6630700325732899 0.6997549019607843 0.02035830618892508 0.03002450980392157
4 0.2382939739413681 0.7026654411764706 0.01730456026058632 0.030943627450980393