3 0.4143637532133676 0.7133969907407407 0.034383033419023136 0.028645833333333332
3 0.38223007712082263 0.7300347222222222 0.034383033419023136 0.024305555555555556
5 0.3595758354755784 0.7381365740740741 0.02377892030848329 0.01678240740740741
3 0.4267352185089974 0.7566550925925926 0.031491002570694086 0.023148148148148147
3 0.28213367609254497 0.7589699074074074 0.03598971722365039 0.024305555555555556
5 0.3444730077120823 0.7727141203703703 0.018637532133676093 0.01765046296296296
5 0.306073264781491 0.7753182870370371 0.01960154241645244 0.01244212962962963
5 0.3494537275064267 0.7866030092592593 0.020886889460154243 0.013599537037037037
5 0.4137210796915167 0.7890625 0.020886889460154243 0.015046296296296295
5 0.4052056555269923 0.8004918981481481 0.021850899742930592 0.013020833333333334
3 0.38640745501285345 0.8405671296296297 0.040809768637532134 0.027777777777777776
3 0.5845115681233933 0.8995949074074074 0.03920308483290488 0.02546296296296296
3 0.47975578406169667 0.23914930555555555 0.042416452442159386 0.03501157407407408