3 0.46984318455971047 0.17174959871589085 0.0735826296743064 0.0898876404494382
0 0.5156815440289505 0.22873194221508827 0.054282267792521106 0.0593900481540931
0 0.3220747889022919 0.34430176565008025 0.04342581423401689 0.06902086677367576
0 0.26115802171290714 0.3491171749598716 0.04463208685162847 0.0593900481540931
0 0.5560916767189384 0.48073836276083465 0.05307599517490953 0.06260032102728733
2 0.643546441495778 0.5136436597110754 0.10735826296743065 0.12520064205457465
0 0.34620024125452353 0.5304975922953451 0.05307599517490953 0.052969502407704656
0 0.4776839565741858 0.586677367576244 0.06272617611580217 0.04654895666131621
4 0.4734620024125452 0.6219903691813804 0.027744270205066344 0.027287319422150885
4 0.4813027744270205 0.6492776886035313 0.019300361881785282 0.024077046548956663
4 0.34921592279855246 0.658908507223114 0.032569360675512665 0.03691813804173355
4 0.6363088057901085 0.6990369181380417 0.022919179734620022 0.027287319422150885
4 0.3854041013268999 0.7030497592295345 0.020506634499396863 0.025682182985553772
4 0.293124246079614 0.7038523274478331 0.04342581423401689 0.04975922953451043
4 0.3178528347406514 0.709470304975923 0.018094089264173704 0.025682182985553772
4 0.5367913148371531 0.71669341894061 0.026537997587454766 0.04654895666131621
4 0.3425814234016888 0.7247191011235955 0.031363088057901084 0.030497592295345103
4 0.35705669481302776 0.7367576243980738 0.021712907117008445 0.028892455858747994
4 0.4945717732207479 0.7889245585874799 0.019300361881785282 0.027287319422150885
4 0.48311218335343786 0.7937399678972713 0.015681544028950542 0.024077046548956663