1 0.9280205655526992 0.4275173611111111 0.05912596401028278 0.12008101851851852
3 0.8751606683804627 0.5287905092592593 0.03631105398457583 0.03616898148148148
1 0.8462403598971723 0.6199363425925926 0.058804627249357325 0.04774305555555555
1 0.7859897172236504 0.6387442129629629 0.037917737789203085 0.04195601851851852
1 0.8687339331619537 0.6684027777777778 0.06201799485861183 0.06365740740740741
1 0.6293380462724936 0.7385706018518519 0.04273778920308483 0.033275462962962965
3 0.7193123393316195 0.7479745370370371 0.03631105398457583 0.04918981481481482
3 0.49694730077120824 0.07523148148148148 0.035025706940874035 0.04050925925925926
3 0.6823586118251928 0.7689525462962963 0.039524421593830336 0.030381944444444444
3 0.4222365038560411 0.10127314814814815 0.036632390745501286 0.028935185185185185
1 0.5763174807197944 0.14684606481481483 0.03309768637532134 0.030381944444444444
3 0.35395244215938304 0.20543981481481483 0.03181233933161954 0.026041666666666668