5 0.6320694087403599 0.3119212962962963 0.021208226221079693 0.017939814814814815
1 0.3026992287917738 0.48451967592592593 0.03470437017994859 0.026909722222222224
5 0.4092223650385604 0.04918981481481482 0.016388174807197942 0.01678240740740741
1 0.2455012853470437 0.5001446759259259 0.02442159383033419 0.024016203703703703
5 0.3827120822622108 0.050347222222222224 0.02056555269922879 0.01678240740740741
5 0.4537275064267352 0.052806712962962965 0.02056555269922879 0.014178240740740741
1 0.4072943444730077 0.5739293981481481 0.03245501285347044 0.02922453703703704
5 0.4587082262210797 0.06872106481481481 0.01703084832904884 0.011284722222222222
5 0.4360539845758355 0.07277199074074074 0.01992287917737789 0.01070601851851852
5 0.39283419023136246 0.07421875 0.012532133676092546 0.014756944444444444
5 0.3741966580976864 0.0747974537037037 0.015745501285347043 0.013599537037037037
5 0.3472043701799486 0.08246527777777778 0.017673521850899744 0.017939814814814815
5 0.424646529562982 0.08550347222222222 0.016388174807197942 0.011863425925925927
5 0.47252570694087404 0.08680555555555555 0.030526992287917738 0.019675925925925927
5 0.5218508997429306 0.09056712962962964 0.02442159383033419 0.017361111111111112
5 0.2994858611825193 0.09693287037037036 0.02442159383033419 0.017939814814814815
5 0.34061696658097684 0.09895833333333333 0.02506426735218509 0.019675925925925927
5 0.5134961439588689 0.1087962962962963 0.02506426735218509 0.017939814814814815