3 0.5098007712082262 0.2918113425925926 0.07358611825192803 0.04832175925925926
3 0.23987789203084833 0.5739293981481481 0.04980719794344473 0.04137731481481482
4 0.2841580976863753 0.5774305555555556 0.07615681233933162 0.04369212962962963
3 0.29611182519280205 0.6581307870370371 0.052377892030848326 0.040219907407407406
3 0.526060411311054 0.6638310185185184 0.05848329048843188 0.040219907407407406
3 0.37837403598971725 0.7440682870370371 0.05366323907455013 0.042534722222222224
3 0.519280205655527 0.7534722222222222 0.037275064267352186 0.027777777777777776
4 0.4402313624678663 0.7546296296296297 0.03984575835475578 0.037037037037037035
4 0.4304305912596401 0.8331886574074074 0.052377892030848326 0.042534722222222224
3 0.5380784061696658 0.9369791666666666 0.037275064267352186 0.028935185185185185
4 0.5756748071979434 0.20601851851851852 0.04209511568123393 0.034722222222222224