1 0.3737864077669903 0.25727272727272726 0.06310679611650485 0.034545454545454546
1 0.35660194174757276 0.48 0.05339805825242718 0.05818181818181818
3 0.5618932038834952 0.5254545454545455 0.06553398058252427 0.04
3 0.4393203883495146 0.6018181818181818 0.05339805825242718 0.02909090909090909
3 0.5946601941747572 0.6118181818181818 0.043689320388349516 0.045454545454545456
1 0.5218446601941747 0.6172727272727273 0.043689320388349516 0.04909090909090909
1 0.39805825242718446 0.6281818181818182 0.06796116504854369 0.04181818181818182
1 0.47936893203883496 0.6527272727272727 0.07524271844660194 0.05818181818181818
3 0.5615291262135922 0.6845454545454546 0.04611650485436893 0.04181818181818182
1 0.5242718446601942 0.7227272727272728 0.038834951456310676 0.038181818181818185
1 0.5910194174757282 0.730909090909091 0.050970873786407765 0.03272727272727273
1 0.654126213592233 0.76 0.050970873786407765 0.04727272727272727
3 0.5995145631067961 0.77 0.04854368932038835 0.03090909090909091