1 0.6470083547557841 0.5707465277777778 0.03309768637532134 0.030381944444444444
1 0.3981362467866324 0.5902777777777778 0.033419023136246784 0.03761574074074074
1 0.5226542416452442 0.6712962962962963 0.02859897172236504 0.028935185185185185
1 0.4736503856041131 0.6908275462962963 0.02377892030848329 0.021701388888888888
1 0.49775064267352187 0.6987847222222222 0.037275064267352186 0.031828703703703706
1 0.4929305912596401 0.7320601851851852 0.027634961439588688 0.028935185185185185
1 0.456780205655527 0.7327835648148148 0.02217223650385604 0.02459490740740741
3 0.5682840616966581 0.7486979166666666 0.02667095115681234 0.027488425925925927
1 0.41741645244215936 0.8015046296296297 0.033419023136246784 0.03761574074074074
1 0.5465938303341902 0.8138020833333334 0.028277634961439587 0.02459490740740741
1 0.4431233933161954 0.8355034722222222 0.033419023136246784 0.02459490740740741
1 0.5057840616966581 0.8383969907407407 0.055912596401028275 0.04774305555555555
1 0.6558483290488432 0.8543113425925926 0.03470437017994859 0.027488425925925927
1 0.43589331619537275 0.8586516203703703 0.03245501285347044 0.02459490740740741
1 0.5459511568123393 0.8666087962962963 0.030205655526992288 0.023148148148148147
1 0.6751285347043702 0.9027777777777778 0.02506426735218509 0.031828703703703706
1 0.5714974293059126 0.9324363425925926 0.039524421593830336 0.027488425925925927