1 0.3046272493573265 0.5857928240740741 0.03598971722365039 0.030960648148148147
1 0.4680269922879177 0.6025752314814815 0.06715938303341902 0.051215277777777776
1 0.3672879177377892 0.6225405092592593 0.04627249357326478 0.03269675925925926
1 0.2975578406169666 0.6251446759259259 0.043701799485861184 0.038483796296296294
1 0.5800128534704371 0.6401909722222222 0.042416452442159386 0.02980324074074074
1 0.2805269922879177 0.6442418981481481 0.033419023136246784 0.02228009259259259
1 0.2541773778920309 0.6524884259259259 0.02956298200514139 0.034722222222222224
1 0.3838367609254499 0.6669560185185185 0.03181233933161954 0.03298611111111111
1 0.5300449871465296 0.6915509259259259 0.035025706940874035 0.03761574074074074
1 0.3904241645244216 0.7171585648148148 0.04691516709511568 0.030960648148148147
1 0.4273778920308483 0.7281539351851852 0.033419023136246784 0.04716435185185185
1 0.5633033419023136 0.7401620370370371 0.04562982005141388 0.034722222222222224
1 0.32005141388174807 0.7489872685185185 0.04562982005141388 0.04832175925925926
1 0.35861182519280205 0.7528935185185185 0.030848329048843187 0.03298611111111111
1 0.38447943444730076 0.7566550925925926 0.04852185089974293 0.028935185185185185
1 0.45581619537275064 0.7682291666666666 0.03181233933161954 0.023148148148148147
1 0.35218508997429304 0.7734375 0.037275064267352186 0.031828703703703706
1 0.5242609254498715 0.7738715277777778 0.040167095115681235 0.042534722222222224
1 0.6029884318766067 0.8087384259259259 0.041452442159383034 0.04456018518518518
1 0.4734897172236504 0.8096064814814815 0.041452442159383034 0.04456018518518518
1 0.4370179948586118 0.8126446759259259 0.03920308483290488 0.03501157407407408
1 0.49598329048843187 0.8382523148148148 0.04209511568123393 0.03935185185185185
1 0.45838688946015427 0.8443287037037037 0.04787917737789203 0.03298611111111111
1 0.443926735218509 0.9043692129629629 0.03181233933161954 0.03674768518518518
1 0.5123714652956298 0.9360532407407407 0.03374035989717224 0.027199074074074073
1 0.6687017994858612 0.9612268518518519 0.042416452442159386 0.03125
1 0.6437982005141388 0.984375 0.04787917737789203 0.03125