5 0.6887853470437018 0.04832175925925926 0.02924164524421594 0.024305555555555556
5 0.6542416452442159 0.06539351851851852 0.021850899742930592 0.03587962962962963
5 0.7143316195372751 0.07291666666666667 0.02056555269922879 0.01273148148148148
5 0.7634961439588689 0.07291666666666667 0.021208226221079693 0.02141203703703704
5 0.6924807197943444 0.07552083333333333 0.02056555269922879 0.017939814814814815
5 0.49453727506426737 0.7923900462962963 0.036632390745501286 0.022858796296296297
5 0.6286953727506427 0.09563078703703703 0.01960154241645244 0.019386574074074073
5 0.5837082262210797 0.09895833333333333 0.02924164524421594 0.018518518518518517
5 0.8267994858611826 0.11342592592592593 0.02699228791773779 0.03009259259259259
5 0.5925449871465296 0.11993634259259259 0.04048843187660668 0.01707175925925926
5 0.7572300771208226 0.13078703703703703 0.02281491002570694 0.024305555555555556
5 0.6058804627249358 0.13700810185185186 0.02217223650385604 0.016493055555555556
5 0.799646529562982 0.2400173611111111 0.01960154241645244 0.019965277777777776