5 0.351060411311054 0.3687789351851852 0.015745501285347043 0.024016203703703703
5 0.37853470437017994 0.3734085648148148 0.010925449871465296 0.026331018518518517
3 0.7006748071979434 0.41304976851851855 0.020886889460154243 0.025752314814814815
5 0.3055912596401028 0.41304976851851855 0.014781491002570694 0.019965277777777776
5 0.3324228791773779 0.4593460648148148 0.018958868894601542 0.025752314814814815
5 0.4490681233933162 0.46947337962962965 0.02538560411311054 0.028645833333333332
5 0.38624678663239076 0.4943576388888889 0.02634961439588689 0.022858796296296297
5 0.44890745501285345 0.5529513888888888 0.07455012853470437 0.03935185185185185
5 0.2842223650385604 0.5778356481481481 0.018958868894601542 0.023726851851851853
5 0.4050449871465296 0.6575520833333334 0.03181233933161954 0.022858796296296297
5 0.43396529562982006 0.67578125 0.018958868894601542 0.021122685185185185
5 0.4818444730077121 0.6815682870370371 0.015745501285347043 0.028645833333333332
5 0.3987789203084833 0.7497106481481481 0.021208226221079693 0.02199074074074074
5 0.5142994858611826 0.8041087962962963 0.02731362467866324 0.030671296296296297
3 0.5803341902313625 0.8326099537037037 0.037917737789203085 0.026331018518518517
5 0.42930591259640105 0.8347800925925926 0.017994858611825194 0.015046296296296295
5 0.484254498714653 0.8599537037037037 0.016709511568123392 0.020833333333333332
5 0.5115681233933161 0.8677662037037037 0.02634961439588689 0.019097222222222224
5 0.5454691516709511 0.1261574074074074 0.018958868894601542 0.02488425925925926
5 0.49517994858611825 0.13990162037037038 0.021208226221079693 0.019965277777777776
5 0.5305269922879178 0.2026909722222222 0.02377892030848329 0.016493055555555556
5 0.3120179948586118 0.22453703703703703 0.027634961439588688 0.02488425925925926
5 0.4366966580976864 0.25 0.01992287917737789 0.016203703703703703
5 0.272172236503856 0.2601273148148148 0.02956298200514139 0.030671296296296297
5 0.3274421593830334 0.27734375 0.01992287917737789 0.028645833333333332