0 0.3962082262210797 0.42997685185185186 0.017994858611825194 0.01678240740740741
0 0.40118894601542415 0.4625289351851852 0.01960154241645244 0.014178240740740741
0 0.40392030848329047 0.47685185185185186 0.02570694087403599 0.013888888888888888
0 0.4338046272493573 0.4769965277777778 0.02056555269922879 0.014178240740740741
0 0.4074550128534704 0.48972800925925924 0.01992287917737789 0.014178240740740741
0 0.37708868894601544 0.49464699074074076 0.013817480719794344 0.008969907407407407
1 0.6908740359897172 0.58203125 0.056555269922879174 0.03732638888888889
4 0.3944408740359897 0.7384259259259259 0.034383033419023136 0.029513888888888888
0 0.5294023136246787 0.8608217592592593 0.017673521850899744 0.017939814814814815
1 0.41323907455012854 0.17578125 0.056555269922879174 0.042534722222222224
3 0.5335796915167095 0.20789930555555555 0.04530848329048843 0.03501157407407408