5 0.5273136246786633 0.48234953703703703 0.02956298200514139 0.03935185185185185
5 0.5631426735218509 0.5591724537037037 0.02217223650385604 0.022858796296296297
1 0.8518637532133676 0.6053240740740741 0.04884318766066838 0.06539351851851852
5 0.7965938303341902 0.6096643518518519 0.02634961439588689 0.027777777777777776
1 0.9037596401028277 0.6203703703703703 0.046593830334190234 0.06481481481481481
5 0.6386568123393316 0.7265625 0.02538560411311054 0.03935185185185185
5 0.609254498714653 0.8078703703703703 0.02634961439588689 0.020833333333333332
5 0.4644922879177378 0.8376736111111112 0.02859897172236504 0.020833333333333332
5 0.5726221079691517 0.8967013888888888 0.032776349614395885 0.02662037037037037
5 0.47847043701799485 0.9052372685185185 0.013496143958868894 0.022858796296296297
5 0.5416131105398457 0.9275173611111112 0.015745501285347043 0.022858796296296297
5 0.5147814910025706 0.9285300925925926 0.01992287917737789 0.02488425925925926
5 0.6450835475578406 0.2591145833333333 0.02731362467866324 0.021122685185185185