3 0.26001606683804623 0.38807002314814815 0.02859897172236504 0.021122685185185185
5 0.22332904884318766 0.39655671296296297 0.03406169665809768 0.022858796296296297
5 0.625 0.42954282407407407 0.03598971722365039 0.038483796296296294
5 0.21079691516709512 0.4487847222222222 0.032776349614395885 0.02488425925925926
4 0.27345758354755784 0.45949074074074076 0.04048843187660668 0.030671296296296297
3 0.6323907455012854 0.46860532407407407 0.03598971722365039 0.04137731481481482
5 0.22300771208226222 0.5457175925925926 0.03598971722365039 0.03356481481481482
5 0.2874357326478149 0.6225405092592593 0.03181233933161954 0.022858796296296297
5 0.2953084832904884 0.6546585648148148 0.032776349614395885 0.03732638888888889
5 0.35764781491002573 0.7100694444444444 0.032776349614395885 0.032407407407407406
4 0.43203727506426737 0.7569444444444444 0.04466580976863753 0.03530092592592592
3 0.2377892030848329 0.7594039351851852 0.05012853470437018 0.04600694444444445
5 0.32438946015424164 0.7841435185185185 0.035668380462724934 0.018518518518518517