1 0.8006105398457584 0.6127025462962963 0.03181233933161954 0.04369212962962963
1 0.8070372750642674 0.6760706018518519 0.03181233933161954 0.033854166666666664
1 0.7826156812339332 0.6825810185185185 0.02859897172236504 0.02546296296296296
1 0.6854113110539846 0.6974826388888888 0.037275064267352186 0.033854166666666664
1 0.711439588688946 0.7051504629629629 0.02699228791773779 0.028356481481481483
1 0.8092866323907455 0.7089120370370371 0.02924164524421594 0.026041666666666668
1 0.8556169665809769 0.7172280092592592 0.021529562982005142 0.022569444444444444
1 0.8807840616966581 0.7262731481481481 0.027634961439588688 0.02546296296296296
1 0.6788239074550129 0.7971643518518519 0.04338046272493573 0.028935185185185185
1 0.69103470437018 0.8190104166666666 0.02859897172236504 0.0234375
1 0.7381105398457584 0.8197337962962963 0.04434447300771208 0.031828703703703706
1 0.6969794344473008 0.8359375 0.04498714652956298 0.02488425925925926