1 0.4350899742930591 0.37297453703703703 0.042416452442159386 0.04224537037037037
1 0.4580655526992288 0.4448784722222222 0.05430591259640103 0.0546875
1 0.8211760925449871 0.4955150462962963 0.04980719794344473 0.04600694444444445
1 0.7639781491002571 0.5451388888888888 0.053020565552699225 0.03935185185185185
1 0.7935411311053985 0.5928819444444444 0.041452442159383034 0.048032407407407406
1 0.6531169665809768 0.6048900462962963 0.08001285347043702 0.06626157407407407
1 0.20260282776349614 0.6510416666666666 0.03181233933161954 0.041087962962962965
1 0.27924164524421596 0.6556712962962963 0.037275064267352186 0.036458333333333336
1 0.6926413881748072 0.6710069444444444 0.04787917737789203 0.04224537037037037
1 0.6053984575835476 0.6940104166666666 0.042416452442159386 0.03443287037037037
1 0.6053984575835476 0.6984953703703703 0.04884318766066838 0.041087962962962965
1 0.5186375321336761 0.7026909722222222 0.06812339331619537 0.05179398148148148
1 0.3962082262210797 0.7042824074074074 0.037275064267352186 0.03356481481481482
1 0.7263817480719794 0.7287326388888888 0.03823907455012854 0.05758101851851852
1 0.4399100257069409 0.25636574074074076 0.09061696658097686 0.048032407407407406