4 0.2416452442159383 0.3113425925925926 0.03920308483290488 0.03356481481481482
5 0.06346401028277635 0.390625 0.02924164524421594 0.02199074074074074
4 0.26253213367609257 0.47641782407407407 0.03534704370179949 0.03211805555555555
3 0.46593830334190234 0.5214120370370371 0.037275064267352186 0.041087962962962965
3 0.328245501285347 0.5338541666666666 0.04916452442159383 0.041087962962962965
5 0.07438946015424165 0.6286168981481481 0.02924164524421594 0.02459490740740741
5 0.3582904884318766 0.6912615740740741 0.02892030848329049 0.029513888888888888
5 0.28116966580976865 0.6956018518518519 0.03920308483290488 0.031828703703703706
5 0.45629820051413883 0.7353877314814815 0.030848329048843187 0.030381944444444444
5 0.23473650385604114 0.7407407407407407 0.03823907455012854 0.027777777777777776
5 0.4739074550128535 0.8793113425925926 0.02538560411311054 0.017939814814814815