1 0.13576478149100257 0.5594618055555556 0.05687660668380463 0.03674768518518518
1 0.1958354755784062 0.6207870370370371 0.03695372750642673 0.03587962962962963
3 0.28823907455012854 0.6355613425925926 0.03534704370179949 0.037905092592592594
1 0.19215938303341903 0.7261284722222222 0.03920308483290488 0.03616898148148148
1 0.3407776349614396 0.7789351851851852 0.03181233933161954 0.027199074074074073
3 0.39411953727506427 0.7832754629629629 0.04209511568123393 0.031828703703703706
1 0.330012853470437 0.7970196759259259 0.028277634961439587 0.024016203703703703
1 0.2699228791773779 0.7987557870370371 0.028277634961439587 0.033854166666666664
1 0.3181330334190231 0.811875 0.02988431876606684 0.024305555555555556
4 0.47075835475578404 0.08998842592592593 0.033419023136246784 0.03935185185185185
3 0.5067480719794345 0.24030671296296297 0.033419023136246784 0.030960648148148147