4 0.5309446254071661 0.3606004901960784 0.02687296416938111 0.03431372549019608
4 0.6017915309446255 0.39246323529411764 0.021579804560260585 0.032475490196078434
4 0.5582247557003257 0.4071691176470588 0.021579804560260585 0.028186274509803922
4 0.5505903908794788 0.44393382352941174 0.026262214983713356 0.03615196078431373
4 0.5832654723127035 0.44776348039215685 0.01750814332247557 0.021139705882352942
4 0.8410016286644951 0.45496323529411764 0.02728013029315961 0.04044117647058824
4 0.7133550488599348 0.4563419117647059 0.02728013029315961 0.03952205882352941
4 0.49083876221498374 0.4811580882352941 0.024429967426710098 0.04136029411764706
4 0.668464983713355 0.5251225490196079 0.020969055374592833 0.032475490196078434
4 0.6293770358306189 0.5284926470588235 0.02259771986970684 0.028186274509803922
4 0.5834690553745928 0.539828431372549 0.02035830618892508 0.020833333333333332
4 0.5602605863192183 0.5623468137254902 0.016286644951140065 0.0272671568627451
4 0.7254682410423453 0.7002144607843137 0.019747557003257327 0.035845588235294115
4 0.6717223127035831 0.7144607843137255 0.016897394136807818 0.028799019607843136
3 0.376628664495114 0.08318014705882353 0.02809446254071661 0.03707107843137255
4 0.19360749185667753 0.2190563725490196 0.03175895765472313 0.02389705882352941
4 0.7017508143322475 0.3046875 0.029723127035830618 0.03707107843137255
4 0.7648615635179153 0.30606617647058826 0.025651465798045604 0.03615196078431373