1 0.56875 0.2582005623242737 0.07 0.03280224929709466
1 0.655625 0.4240862230552952 0.03125 0.03467666354264293
1 0.695625 0.4287722586691659 0.05375 0.05716963448922212
1 0.646875 0.4568884723523899 0.06375 0.02155576382380506
1 0.7275 0.48500468603561386 0.0725 0.04029990627928772
1 0.8025 0.49953139643861294 0.05 0.031865042174320526
1 0.5075 0.5135895032802249 0.0675 0.07685098406747891
1 0.57375 0.5168697282099344 0.0575 0.06091846298031865
1 0.664375 0.5173383317713215 0.04875 0.05810684161199625
1 0.763125 0.5290534208059982 0.06875 0.04029990627928772
1 0.603125 0.555763823805061 0.02375 0.04311152764761012
1 0.645 0.5726335520149953 0.045 0.04498594189315839
1 0.565 0.6021555763823805 0.1125 0.053420805998125584
1 0.638125 0.662605435801312 0.07875 0.07497656982193064
1 0.521875 0.6630740393626992 0.06125 0.053420805998125584