1 0.7840616966580977 0.5076678240740741 0.036632390745501286 0.033854166666666664
1 0.8116966580976864 0.5661168981481481 0.03920308483290488 0.03153935185185185
1 0.7729755784061697 0.5768229166666666 0.035668380462724934 0.033854166666666664
1 0.8420629820051414 0.5953414351851852 0.03309768637532134 0.025173611111111112
1 0.775706940874036 0.5998263888888888 0.03406169665809768 0.030671296296296297
1 0.9047236503856041 0.6009837962962963 0.031169665809768637 0.023726851851851853
1 0.8184447300771208 0.6219618055555556 0.036632390745501286 0.04195601851851852
1 0.897172236503856 0.6284722222222222 0.03406169665809768 0.03298611111111111
3 0.9566195372750642 0.6402604166666666 0.027634961439588688 0.032407407407407406
1 0.7332904884318766 0.6572627314814815 0.04113110539845758 0.025173611111111112
1 0.8232647814910026 0.6691261574074074 0.03920308483290488 0.0234375
1 0.6540809768637532 0.7078993055555556 0.04273778920308483 0.03153935185185185
1 0.7638174807197944 0.7721354166666666 0.03470437017994859 0.02980324074074074
1 0.7689588688946015 0.8017939814814815 0.036632390745501286 0.024305555555555556