4 0.14845758354755784 0.37688078703703703 0.038560411311053984 0.025173611111111112
4 0.2551413881748072 0.38382523148148145 0.04177377892030849 0.02922453703703704
5 0.2042095115681234 0.40726273148148145 0.031169665809768637 0.025173611111111112
5 0.17303984575835477 0.40813078703703703 0.031169665809768637 0.019386574074074073
5 0.13801413881748073 0.4113136574074074 0.02667095115681234 0.0234375
4 0.14508354755784061 0.46079282407407407 0.040809768637532134 0.02922453703703704
1 0.43123393316195374 0.5860821759259259 0.03534704370179949 0.026331018518518517
1 0.37853470437017994 0.5905671296296297 0.04627249357326478 0.03125
5 0.3118573264781491 0.6182002314814815 0.034383033419023136 0.026331018518518517
3 0.3518637532133676 0.6280381944444444 0.043059125964010285 0.04195601851851852
5 0.21079691516709512 0.7776331018518519 0.02892030848329049 0.027488425925925927
4 0.3982969151670951 0.9072627314814815 0.02859897172236504 0.030960648148148147
4 0.37612467866323906 0.9134837962962963 0.039524421593830336 0.03414351851851852