5 0.5475578406169666 0.31640625 0.01992287917737789 0.014756944444444444
0 0.528598971722365 0.3385416666666667 0.021208226221079693 0.019097222222222224
5 0.42882390745501286 0.6119791666666666 0.017673521850899744 0.015625
5 0.42014781491002573 0.6413483796296297 0.01703084832904884 0.014178240740740741
5 0.3412596401028278 0.6471354166666666 0.017994858611825194 0.014756944444444444
5 0.4318766066838046 0.6671006944444444 0.012853470437017995 0.014178240740740741
5 0.43139460154241643 0.6802662037037037 0.015745501285347043 0.015625
5 0.363913881748072 0.6808449074074074 0.02281491002570694 0.01678240740740741
5 0.4473007712082262 0.6820023148148148 0.014781491002570694 0.013310185185185185
5 0.34286632390745503 0.7073206018518519 0.018637532133676093 0.014756944444444444
5 0.3711439588688946 0.7113715277777778 0.019280205655526992 0.014178240740740741
5 0.4593508997429306 0.7203414351851852 0.015745501285347043 0.014178240740740741
5 0.39138817480719795 0.7394386574074074 0.02634961439588689 0.019965277777777776
5 0.2808483290488432 0.7634548611111112 0.01992287917737789 0.013020833333333334
5 0.2977185089974293 0.7676504629629629 0.01703084832904884 0.017361111111111112
5 0.45726221079691515 0.8224826388888888 0.018637532133676093 0.013020833333333334
5 0.34045629820051415 0.8498263888888888 0.02474293059125964 0.017361111111111112
5 0.536793059125964 0.9006076388888888 0.02345758354755784 0.015335648148148149
5 0.5893316195372751 0.9467592592592593 0.021208226221079693 0.017361111111111112
5 0.618573264781491 0.9503761574074074 0.01992287917737789 0.014178240740740741
5 0.6397814910025706 0.9522569444444444 0.021850899742930592 0.019097222222222224