1 0.7771529562982005 0.5678530092592593 0.02988431876606684 0.030381944444444444
1 0.6172879177377892 0.5823206018518519 0.04113110539845758 0.03616898148148148
1 0.6582583547557841 0.6922743055555556 0.02988431876606684 0.030381944444444444
1 0.7393991002570695 0.7067418981481481 0.037917737789203085 0.03616898148148148
1 0.6526349614395887 0.7313368055555556 0.06362467866323908 0.04195601851851852
3 0.7209190231362468 0.7392939814814815 0.03309768637532134 0.031828703703703706
1 0.6389781491002571 0.8000578703703703 0.02988431876606684 0.03761574074074074
1 0.6060411311053985 0.8087384259259259 0.021850899742930592 0.034722222222222224
1 0.7048521850899743 0.8101851851851852 0.03631105398457583 0.034722222222222224
1 0.728952442159383 0.859375 0.03631105398457583 0.046296296296296294
1 0.6984254498714653 0.8608217592592593 0.02988431876606684 0.034722222222222224
1 0.6131105398457584 0.8622685185185185 0.05205655526992288 0.06365740740740741