5 0.4865038560411311 0.31177662037037035 0.043059125964010285 0.033275462962962965
5 0.43026992287917737 0.3219039351851852 0.030205655526992288 0.030381944444444444
5 0.2390745501285347 0.6047453703703703 0.033419023136246784 0.028935185185185185
1 0.1796272493573265 0.6090856481481481 0.07519280205655526 0.06944444444444445
5 0.3258354755784062 0.6459780092592593 0.02699228791773779 0.021701388888888888
1 0.12901670951156813 0.6828703703703703 0.04466580976863753 0.06076388888888889
5 0.30575192802056556 0.6879340277777778 0.02859897172236504 0.027488425925925927
1 0.19569408740359898 0.6980613425925926 0.05269922879177378 0.05931712962962963
5 0.4768637532133676 0.7675057870370371 0.02056555269922879 0.027488425925925927
5 0.38688946015424164 0.7747395833333334 0.033419023136246784 0.027488425925925927
1 0.18525064267352184 0.7921006944444444 0.035025706940874035 0.04195601851851852
5 0.3708226221079691 0.8224826388888888 0.036632390745501286 0.027488425925925927