3 0.6868573264781491 0.3543113425925926 0.05044987146529563 0.033275462962962965
0 0.8071979434447301 0.3765914351851852 0.03598971722365039 0.019965277777777776
0 0.7909704370179949 0.41435185185185186 0.02731362467866324 0.022569444444444444
0 0.8427056555269923 0.4318576388888889 0.02602827763496144 0.022858796296296297
5 0.7103149100257069 0.4440104166666667 0.035668380462724934 0.03153935185185185
5 0.6891066838046273 0.4547164351851852 0.03374035989717224 0.02980324074074074
5 0.5446658097686375 0.5370370370370371 0.02956298200514139 0.01678240740740741
5 0.7691195372750642 0.5539641203703703 0.03309768637532134 0.021701388888888888
3 0.8394922879177378 0.5661168981481481 0.03631105398457583 0.03443287037037037
5 0.6481362467866324 0.5924479166666666 0.033419023136246784 0.021701388888888888
5 0.7029241645244216 0.6116898148148148 0.04402313624678663 0.03125
3 0.6147172236503856 0.6495949074074074 0.06940874035989718 0.043402777777777776
1 0.8520790488431876 0.7040364583333334 0.04048843187660668 0.03501157407407408
3 0.6813978149100258 0.8049797453703704 0.035668380462724934 0.04050925925925926