1 0.5947943444730077 0.6626157407407407 0.03470437017994859 0.043402777777777776
1 0.6984254498714653 0.6966145833333334 0.03309768637532134 0.02459490740740741
1 0.4865038560411311 0.703125 0.02699228791773779 0.023148148148148147
1 0.46642030848329047 0.7320601851851852 0.02538560411311054 0.026041666666666668
1 0.41500642673521854 0.7523148148148148 0.02217223650385604 0.023148148148148147
3 0.538560411311054 0.7653356481481481 0.028277634961439587 0.023148148148148147
1 0.5787275064267352 0.7776331018518519 0.028277634961439587 0.03616898148148148
1 0.5915809768637532 0.8289930555555556 0.03470437017994859 0.03761574074074074
1 0.32904884318766064 0.8564814814814815 0.02699228791773779 0.023148148148148147
1 0.5242609254498715 0.8572048611111112 0.05109254498714653 0.04774305555555555
1 0.39331619537275064 0.8796296296296297 0.04948586118251928 0.03761574074074074
1 0.32985218508997427 0.9143518518518519 0.041452442159383034 0.034722222222222224
3 0.379659383033419 0.9295428240740741 0.035025706940874035 0.021701388888888888
1 0.32503213367609257 0.16782407407407407 0.035025706940874035 0.03761574074074074