4 0.6216408794788274 0.31096813725490197 0.03521986970684039 0.04595588235294118
4 0.6720276872964169 0.33011642156862747 0.019951140065146578 0.050551470588235295
3 0.5992467426710097 0.36534926470588236 0.020969055374592833 0.026041666666666668
3 0.6292752442996743 0.38143382352941174 0.019951140065146578 0.03676470588235294
3 0.6114617263843648 0.39215686274509803 0.013640065146579805 0.03370098039215686
3 0.6781351791530945 0.39368872549019607 0.024022801302931596 0.03676470588235294
4 0.6699918566775245 0.46798406862745096 0.026058631921824105 0.04442401960784314
3 0.4995928338762215 0.6272977941176471 0.023208469055374593 0.0352328431372549
3 0.5381718241042345 0.6426164215686274 0.014861563517915309 0.026041666666666668
3 0.5503868078175895 0.6548713235294118 0.023819218241042345 0.03216911764705882
3 0.5123167752442996 0.6579350490196079 0.02015472312703583 0.03216911764705882
3 0.5656555374592834 0.6924019607843137 0.021783387622149836 0.03676470588235294
3 0.6067793159609121 0.7421875 0.023819218241042345 0.047487745098039214
3 0.5716612377850163 0.30254289215686275 0.025244299674267102 0.050551470588235295