3 0.5941516709511568 0.3216145833333333 0.037275064267352186 0.026331018518518517
1 0.5867609254498715 0.34360532407407407 0.04113110539845758 0.0234375
3 0.5793701799485861 0.3912037037037037 0.02699228791773779 0.03761574074074074
3 0.5289203084832905 0.4383680555555556 0.019280205655526992 0.02025462962962963
3 0.4934125964010283 0.5447048611111112 0.02602827763496144 0.030960648148148147
3 0.38431876606683807 0.6112557870370371 0.02699228791773779 0.025752314814814815
3 0.4375 0.6616030092592593 0.02667095115681234 0.03443287037037037
1 0.28309768637532134 0.671875 0.033419023136246784 0.022569444444444444
3 0.3660025706940874 0.6831597222222222 0.03470437017994859 0.02141203703703704
3 0.45902956298200515 0.7109375 0.015102827763496144 0.016203703703703703
3 0.42882390745501286 0.7139756944444444 0.02988431876606684 0.026909722222222224
1 0.19312339331619538 0.7142650462962963 0.02570694087403599 0.03211805555555555
1 0.2822943444730077 0.7200520833333334 0.02410025706940874 0.02459490740740741
1 0.22991645244215939 0.7220775462962963 0.020886889460154243 0.014756944444444444