4 0.5555912596401028 0.4089988425925926 0.02956298200514139 0.030381944444444444
3 0.5538239074550129 0.40943287037037035 0.045951156812339335 0.046296296296296294
3 0.16918380462724936 0.4593460648148148 0.04787917737789203 0.04774305555555555
3 0.27281491002570696 0.5866608796296297 0.055912596401028275 0.05642361111111111
4 0.23039845758354754 0.6584201388888888 0.04434447300771208 0.030381944444444444
4 0.23023778920308482 0.6611689814814815 0.041452442159383034 0.034722222222222224
4 0.30751928020565555 0.7136863425925926 0.03470437017994859 0.03153935185185185
4 0.3304948586118252 0.7203414351851852 0.02731362467866324 0.033275462962962965
4 0.37805269922879176 0.7653356481481481 0.03823907455012854 0.031828703703703706
3 0.4495501285347044 0.8723958333333334 0.05269922879177378 0.04918981481481482
4 0.4786311053984576 0.9425636574074074 0.03374035989717224 0.022858796296296297
3 0.39974293059125965 0.20616319444444445 0.05269922879177378 0.033275462962962965
3 0.4069730077120823 0.2387152777777778 0.03888174807197944 0.028935185185185185