4 0.5183161953727506 0.34129050925925924 0.04498714652956298 0.033854166666666664
4 0.7893637532133676 0.3702256944444444 0.02731362467866324 0.02922453703703704
4 0.33676092544987146 0.6326678240740741 0.04113110539845758 0.03153935185185185
3 0.387853470437018 0.6655092592592593 0.04177377892030849 0.03530092592592592
4 0.49276992287917737 0.6953125 0.02538560411311054 0.02025462962962963
4 0.4751735218508997 0.7024016203703703 0.02345758354755784 0.021122685185185185
3 0.5804948586118251 0.7092013888888888 0.04980719794344473 0.048032407407407406
3 0.5199228791773779 0.7735821759259259 0.05462724935732648 0.044849537037037035
3 0.5801735218508998 0.7935474537037037 0.04787917737789203 0.05179398148148148
3 0.43348329048843187 0.7978877314814815 0.04177377892030849 0.033854166666666664
3 0.4741323907455013 0.8039641203703703 0.039524421593830336 0.03732638888888889
4 0.7323264781491002 0.16550925925925927 0.030848329048843187 0.02662037037037037