5 0.7268637532133676 0.29875578703703703 0.01992287917737789 0.02228009259259259
5 0.6401028277634961 0.3033854166666667 0.019280205655526992 0.014756944444444444
5 0.6875 0.3103298611111111 0.021529562982005142 0.021701388888888888
0 0.5763174807197944 0.3331886574074074 0.02474293059125964 0.018229166666666668
4 0.6633997429305912 0.3515625 0.03245501285347044 0.030671296296296297
5 0.5555912596401028 0.3777488425925926 0.033419023136246784 0.02228009259259259
5 0.728952442159383 0.39207175925925924 0.02410025706940874 0.017361111111111112
4 0.7855077120822622 0.4027777777777778 0.02474293059125964 0.02025462962962963
5 0.8107326478149101 0.4519675925925926 0.012853470437017995 0.014467592592592593
5 0.768155526992288 0.4717881944444444 0.015102827763496144 0.013020833333333334
5 0.8311375321336761 0.6257233796296297 0.018958868894601542 0.013020833333333334
5 0.7662275064267352 0.6294849537037037 0.016388174807197942 0.015914351851851853
5 0.7116002570694088 0.6396122685185185 0.01703084832904884 0.01070601851851852
0 0.7506426735218509 0.6540798611111112 0.02249357326478149 0.015335648148148149
5 0.6269280205655527 0.6744791666666666 0.02056555269922879 0.014467592592592593
5 0.7058161953727506 0.703125 0.013817480719794344 0.012152777777777778
5 0.7689588688946015 0.7090567129629629 0.013496143958868894 0.01070601851851852
5 0.6630784061696658 0.7119502314814815 0.009318766066838046 0.009548611111111112
5 0.6855719794344473 0.7128182870370371 0.014460154241645245 0.009548611111111112
5 0.7249357326478149 0.7168692129629629 0.016066838046272493 0.011284722222222222
5 0.7538560411311054 0.7238136574074074 0.016066838046272493 0.014178240740740741
5 0.6142352185089974 0.7298900462962963 0.014460154241645245 0.013599537037037037
5 0.6248393316195373 0.7309027777777778 0.02024421593830334 0.015625
5 0.773939588688946 0.7388599537037037 0.014460154241645245 0.01070601851851852
5 0.7019601542416453 0.7518807870370371 0.013817480719794344 0.008969907407407407
5 0.7466259640102828 0.7567997685185185 0.014460154241645245 0.011284722222222222
5 0.7374678663239075 0.7602719907407407 0.012853470437017995 0.013020833333333334
5 0.6017030848329049 0.7660590277777778 0.01703084832904884 0.015335648148148149
5 0.7267030848329049 0.7721354166666666 0.013817480719794344 0.011863425925925927
5 0.7340938303341902 0.7892071759259259 0.01703084832904884 0.009548611111111112
5 0.6971401028277635 0.7910879629629629 0.016388174807197942 0.009837962962962963
5 0.668219794344473 0.7921006944444444 0.017673521850899744 0.011863425925925927
5 0.6044344473007712 0.8091724537037037 0.017994858611825194 0.013020833333333334
5 0.696818766066838 0.8159722222222222 0.011889460154241645 0.009837962962962963
5 0.6973007712082262 0.8265335648148148 0.016709511568123392 0.013020833333333334
5 0.6439588688946015 0.8339120370370371 0.016066838046272493 0.013888888888888888
5 0.6789845758354756 0.8447627314814815 0.015424164524421594 0.011284722222222222
5 0.7863110539845758 0.8496817129629629 0.012853470437017995 0.013020833333333334
5 0.6261246786632391 0.8527199074074074 0.017673521850899744 0.01678240740740741
5 0.643155526992288 0.8870081018518519 0.017673521850899744 0.018229166666666668
5 0.6580976863753213 0.8985821759259259 0.011568123393316195 0.008969907407407407
0 0.49775064267352187 0.9204282407407407 0.015424164524421594 0.011574074074074073
5 0.5098007712082262 0.9379340277777778 0.015102827763496144 0.011284722222222222
5 0.5220115681233933 0.9379340277777778 0.011889460154241645 0.011284722222222222
3 0.5679627249357326 0.9457465277777778 0.027956298200514137 0.021701388888888888
5 0.5832262210796915 0.2204861111111111 0.02570694087403599 0.013888888888888888
5 0.5901349614395887 0.24913194444444445 0.02859897172236504 0.013310185185185185
5 0.6484575835475579 0.26316550925925924 0.01992287917737789 0.014756944444444444
5 0.5947943444730077 0.27546296296296297 0.02570694087403599 0.02662037037037037