5 0.5980077120822622 0.3025173611111111 0.01992287917737789 0.015914351851851853
5 0.5022493573264781 0.33304398148148145 0.02506426735218509 0.02199074074074074
5 0.6415488431876607 0.33839699074074076 0.02924164524421594 0.015914351851851853
4 0.5714974293059126 0.35011574074074076 0.034383033419023136 0.022569444444444444
5 0.6699871465295629 0.5580150462962963 0.016709511568123392 0.020543981481481483
5 0.734254498714653 0.5594618055555556 0.028277634961439587 0.020543981481481483
5 0.6426735218508998 0.6618923611111112 0.032776349614395885 0.025752314814814815
5 0.6674164524421594 0.6895254629629629 0.030205655526992288 0.022569444444444444
5 0.588206940874036 0.6909722222222222 0.02410025706940874 0.027199074074074073
5 0.6568123393316195 0.8022280092592593 0.032776349614395885 0.021122685185185185
5 0.4092223650385604 0.9273726851851852 0.03181233933161954 0.027199074074074073
5 0.45774421593830333 0.9429976851851852 0.02924164524421594 0.02025462962962963
5 0.5249035989717223 0.2361111111111111 0.02924164524421594 0.02488425925925926
5 0.5891709511568124 0.2586805555555556 0.02602827763496144 0.024305555555555556
5 0.4879498714652956 0.2796585648148148 0.02345758354755784 0.0234375
5 0.35250642673521854 0.2818287037037037 0.030205655526992288 0.02025462962962963