1 0.8269601542416453 0.43431712962962965 0.052377892030848326 0.050347222222222224
1 0.7450192802056556 0.5108506944444444 0.04273778920308483 0.05642361111111111
1 0.8092866323907455 0.5175057870370371 0.07808483290488431 0.10677083333333333
1 0.6542416452442159 0.5218460648148148 0.05077120822622108 0.048900462962962965
1 0.7401992287917738 0.5746527777777778 0.06201799485861183 0.050347222222222224
1 0.8525064267352185 0.5855034722222222 0.05269922879177378 0.03443287037037037
1 0.6044344473007712 0.6050347222222222 0.07647814910025708 0.08506944444444445
3 0.6646850899742931 0.6361400462962963 0.045951156812339335 0.040219907407407406
1 0.5538239074550129 0.6737557870370371 0.06201799485861183 0.07494212962962964
1 0.7940231362467867 0.6773726851851852 0.08290488431876607 0.08796296296296297
1 0.6205012853470437 0.6795428240740741 0.07005141388174807 0.060474537037037035
1 0.7048521850899743 0.6911168981481481 0.09736503856041132 0.060474537037037035
1 0.4013496143958869 0.7113715277777778 0.04948586118251928 0.028645833333333332
1 0.7458226221079691 0.7620081018518519 0.07326478149100257 0.0720486111111111
1 0.6735218508997429 0.7894965277777778 0.060411311053984576 0.05758101851851852