5 0.4549019607843137 0.15263819095477388 0.08627450980392157 0.056532663316582916
5 0.3656862745098039 0.16457286432160803 0.06862745098039216 0.03768844221105527
5 0.6852941176470588 0.2022613065326633 0.07254901960784314 0.05527638190954774
5 0.42254901960784313 0.22738693467336685 0.06470588235294118 0.035175879396984924
3 0.7676470588235295 0.2795226130653266 0.19411764705882353 0.06658291457286432
3 0.3892156862745098 0.31532663316582915 0.1 0.07035175879396985
5 0.4931372549019608 0.3630653266331658 0.08823529411764706 0.04773869346733668
3 0.8441176470588235 0.39195979899497485 0.1392156862745098 0.08793969849246232
3 0.46372549019607845 0.42525125628140703 0.09215686274509804 0.08165829145728644
3 0.37450980392156863 0.43278894472361806 0.09411764705882353 0.07663316582914573
3 0.6323529411764706 0.4491206030150754 0.13529411764705881 0.06407035175879397
3 0.5264705882352941 0.46796482412060303 0.10392156862745099 0.05402010050251256
3 0.32254901960784316 0.4824120603015075 0.07254901960784314 0.04522613065326633
3 0.6901960784313725 0.5025125628140703 0.09803921568627451 0.05527638190954774
3 0.6147058823529412 0.5037688442211056 0.060784313725490195 0.04522613065326633
3 0.6490196078431373 0.5634422110552764 0.10588235294117647 0.059045226130653265
3 0.5411764705882353 0.5810301507537688 0.10980392156862745 0.059045226130653265
3 0.3254901960784314 0.589824120603015 0.08235294117647059 0.06658291457286432
3 0.5852941176470589 0.6363065326633166 0.09607843137254903 0.059045226130653265
3 0.4696078431372549 0.6639447236180904 0.13529411764705881 0.06909547738693467
5 0.8588235294117647 0.7418341708542714 0.08627450980392157 0.0414572864321608
5 0.9450980392156862 0.7449748743718593 0.0784313725490196 0.04271356783919598
3 0.6656862745098039 0.7613065326633166 0.08431372549019608 0.0678391959798995
3 0.7852941176470588 0.8178391959798995 0.1 0.07537688442211055
5 0.4970588235294118 0.08605527638190955 0.07647058823529412 0.03391959798994975
3 0.6696078431372549 0.871859296482412 0.1588235294117647 0.0728643216080402