1 0.4471701954397394 0.3163296568627451 0.04458469055374593 0.06587009803921569
1 0.5615838762214984 0.33700980392156865 0.05964983713355049 0.07965686274509803
3 0.7147801302931596 0.35079656862745096 0.03623778501628665 0.052083333333333336
3 0.6287662866449512 0.3599877450980392 0.02504071661237785 0.049019607843137254
1 0.34843241042345274 0.3776041666666667 0.052728013029315964 0.07506127450980392
1 0.4375 0.41513480392156865 0.08428338762214983 0.06740196078431372
1 0.5026465798045603 0.4250919117647059 0.04560260586319218 0.08118872549019608
1 0.5544584690553745 0.46721813725490197 0.03521986970684039 0.03982843137254902
1 0.39729234527687296 0.47181372549019607 0.052728013029315964 0.07659313725490197
1 0.4588762214983713 0.4970894607843137 0.06840390879478828 0.0934436274509804
1 0.5391897394136808 0.5591299019607843 0.03521986970684039 0.0857843137254902
1 0.4731270358306189 0.5897671568627451 0.0989413680781759 0.13174019607843138
3 0.5814332247557004 0.5997242647058824 0.056596091205211724 0.09037990196078431
3 0.6292752442996743 0.6410845588235294 0.04112377850162866 0.1056985294117647
1 0.44605048859934854 0.7299325980392157 0.050895765472312705 0.13020833333333334
1 0.40798045602605865 0.7452512254901961 0.033387622149837134 0.05667892156862745