0 0.5147597719869706 0.3098958333333333 0.02056188925081433 0.02849264705882353
1 0.6598127035830619 0.32674632352941174 0.04723127035830619 0.05238970588235294
0 0.6968648208469055 0.32950367647058826 0.021579804560260585 0.03829656862745098
0 0.6099348534201955 0.3321078431372549 0.02035830618892508 0.032475490196078434
0 0.7020561889250815 0.3321078431372549 0.02789087947882736 0.03860294117647059
1 0.3871131921824104 0.3550857843137255 0.054763843648208466 0.08394607843137254
0 0.5280944625407166 0.4528186274509804 0.026465798045602607 0.03982843137254902
1 0.5890675895765473 0.4990808823529412 0.05232084690553746 0.06924019607843138
1 0.4502239413680782 0.5603553921568627 0.04051302931596091 0.05330882352941176
3 0.49908387622149836 0.6407781862745098 0.0368485342019544 0.06464460784313726
0 0.5905944625407166 0.18183210784313725 0.015472312703583062 0.021139705882352942
0 0.4487988599348534 0.19914215686274508 0.025447882736156353 0.03431372549019608
0 0.7149837133550488 0.20404411764705882 0.016693811074918567 0.024509803921568627
0 0.6076954397394136 0.21568627450980393 0.018322475570032574 0.03982843137254902
0 0.6971701954397395 0.22993259803921567 0.024226384364820847 0.02420343137254902
0 0.6444421824104235 0.23728553921568626 0.014454397394136807 0.026041666666666668
0 0.692385993485342 0.23943014705882354 0.013843648208469055 0.02665441176470588
0 0.4294584690553746 0.24142156862745098 0.01934039087947883 0.0392156862745098
0 0.47974348534201955 0.24892769607843138 0.02463355048859935 0.03768382352941176
0 0.6585199511400651 0.25582107843137253 0.016693811074918567 0.034926470588235295
0 0.5620928338762216 0.26516544117647056 0.023615635179153095 0.035845588235294115
0 0.4563314332247557 0.2679227941176471 0.025447882736156353 0.03155637254901961
0 0.5498778501628665 0.28599877450980393 0.016693811074918567 0.02849264705882353
0 0.5753257328990228 0.2887561274509804 0.019951140065146578 0.02420343137254902
0 0.4660016286644951 0.3003982843137255 0.024022801302931596 0.02971813725490196