5 0.49389460154241643 0.30063657407407407 0.016709511568123392 0.020833333333333332
5 0.24068123393316196 0.3275462962962963 0.017994858611825194 0.02662037037037037
5 0.5417737789203085 0.40523726851851855 0.01992287917737789 0.02980324074074074
5 0.5711760925449871 0.4596354166666667 0.018958868894601542 0.028645833333333332
5 0.3467223650385604 0.5706018518518519 0.02442159383033419 0.019097222222222224
5 0.29803984575835474 0.5746527777777778 0.02538560411311054 0.019097222222222224
5 0.2773136246786632 0.5865162037037037 0.017994858611825194 0.017939814814814815
5 0.3231041131105398 0.6034432870370371 0.02859897172236504 0.022858796296296297
5 0.4508354755784062 0.7239583333333334 0.02442159383033419 0.02662037037037037
5 0.38817480719794345 0.7313368055555556 0.027634961439588688 0.025752314814814815
5 0.46786632390745503 0.7505787037037037 0.032776349614395885 0.029513888888888888
5 0.5674807197943444 0.17418981481481483 0.01992287917737789 0.02488425925925926
5 0.5138174807197944 0.19169560185185186 0.02634961439588689 0.022858796296296297
5 0.4726863753213368 0.19936342592592593 0.03598971722365039 0.019097222222222224
5 0.6251606683804627 0.2152777777777778 0.02217223650385604 0.027777777777777776
5 0.4119537275064267 0.23119212962962962 0.013496143958868894 0.019097222222222224
5 0.3680912596401028 0.2599826388888889 0.02859897172236504 0.01707175925925926
5 0.19424807197943444 0.28718171296296297 0.02538560411311054 0.01707175925925926