5 0.3505784061696658 0.546875 0.02377892030848329 0.02025462962962963
5 0.4987146529562982 0.5584490740740741 0.02249357326478149 0.019675925925925927
5 0.5244215938303342 0.6121238425925926 0.030205655526992288 0.021122685185185185
5 0.45838688946015427 0.6911168981481481 0.02667095115681234 0.014756944444444444
5 0.4434447300771208 0.7055844907407407 0.02377892030848329 0.018229166666666668
5 0.4084190231362468 0.7340856481481481 0.02892030848329049 0.016203703703703703
5 0.38018316195372753 0.7431018518518518 0.021529562982005142 0.013599537037037037
5 0.5200835475578406 0.7471064814814815 0.03888174807197944 0.028935185185185185
5 0.39604755784061696 0.7715567129629629 0.02859897172236504 0.02459490740740741
5 0.48537917737789205 0.8532986111111112 0.02667095115681234 0.01678240740740741
5 0.6184125964010283 0.9094328703703703 0.02217223650385604 0.024305555555555556
5 0.6413881748071979 0.9147858796296297 0.02956298200514139 0.01765046296296296
5 0.5144601542416453 0.9171006944444444 0.02377892030848329 0.01765046296296296
5 0.613271208226221 0.93359375 0.02217223650385604 0.01880787037037037