0 0.6192708333333333 0.15324074074074073 0.0125 0.023148148148148147
0 0.60546875 0.16018518518518518 0.0171875 0.040740740740740744
0 0.6169270833333333 0.17175925925925925 0.015104166666666667 0.021296296296296296
3 0.4921875 0.17731481481481481 0.035416666666666666 0.06574074074074074
0 0.5244791666666667 0.23287037037037037 0.01875 0.025
0 0.5015625 0.350462962962963 0.016666666666666666 0.041666666666666664
0 0.4875 0.4060185185185185 0.01875 0.026851851851851852
0 0.55546875 0.5291666666666667 0.0140625 0.03425925925925926
0 0.5002604166666667 0.5768518518518518 0.016145833333333335 0.025925925925925925
0 0.7283854166666667 0.5782407407407407 0.0140625 0.030555555555555555
0 0.63828125 0.5972222222222222 0.0140625 0.025925925925925925
0 0.625 0.6055555555555555 0.0125 0.025925925925925925
0 0.6307291666666667 0.6157407407407407 0.0125 0.024074074074074074
0 0.6263020833333334 0.6319444444444444 0.009895833333333333 0.030555555555555555
4 0.790625 0.6555555555555556 0.013541666666666667 0.03518518518518519
0 0.6294270833333333 0.6703703703703704 0.011979166666666667 0.016666666666666666
0 0.6255208333333333 0.6837962962962963 0.011458333333333333 0.017592592592592594
0 0.6416666666666667 0.6865740740740741 0.0125 0.025
0 0.6424479166666667 0.6884259259259259 0.011979166666666667 0.01574074074074074
3 0.6182291666666667 0.6907407407407408 0.03958333333333333 0.05555555555555555
4 0.7651041666666667 0.6995370370370371 0.0125 0.023148148148148147
3 0.6604166666666667 0.7023148148148148 0.028125 0.03981481481481482
0 0.43125 0.7027777777777777 0.01875 0.040740740740740744
0 0.6354166666666666 0.7361111111111112 0.019791666666666666 0.03148148148148148
4 0.73515625 0.7537037037037037 0.0140625 0.024074074074074074
0 0.671875 0.763425925925926 0.014583333333333334 0.025
4 0.4083333333333333 0.7675925925925926 0.019791666666666666 0.03518518518518519
4 0.6973958333333333 0.8069444444444445 0.009375 0.017592592592592594
4 0.6893229166666667 0.8847222222222222 0.0109375 0.01574074074074074
4 0.7466614583333333 0.8952407407407408 0.011458333333333333 0.020370370370370372