0 0.2814910025706941 0.4330150462962963 0.032133676092544985 0.0234375
0 0.4646529562982005 0.5611979166666666 0.02506426735218509 0.027488425925925927
4 0.3247107969151671 0.6400462962962963 0.02538560411311054 0.02025462962962963
0 0.2750642673521851 0.6504629629629629 0.02442159383033419 0.023726851851851853
4 0.42336118251928023 0.6740451388888888 0.03759640102827763 0.03153935185185185
4 0.3351542416452442 0.6859085648148148 0.019280205655526992 0.015914351851851853
4 0.30816195372750643 0.7105034722222222 0.032776349614395885 0.019965277777777776
3 0.37323264781491 0.7229456018518519 0.035025706940874035 0.033854166666666664
3 0.40906169665809766 0.7491319444444444 0.04434447300771208 0.027777777777777776
4 0.37708868894601544 0.7731481481481481 0.02602827763496144 0.01678240740740741
4 0.3472043701799486 0.7806712962962963 0.020886889460154243 0.01678240740740741
3 0.4003856041131105 0.7850115740740741 0.03470437017994859 0.028935185185185185
4 0.3279241645244216 0.8466435185185185 0.030526992287917738 0.020833333333333332
3 0.3134640102827764 0.25535300925925924 0.040167095115681235 0.033854166666666664