3 0.43241042345276876 0.5568321078431373 0.035423452768729644 0.05361519607843137
0 0.5540513029315961 0.5814950980392157 0.031555374592833876 0.05514705882352941
1 0.4563314332247557 0.6119791666666666 0.04051302931596091 0.03829656862745098
1 0.4207043973941368 0.6901041666666666 0.04458469055374593 0.07199754901960784
3 0.5524226384364821 0.7467830882352942 0.02707654723127036 0.05974264705882353
1 0.4731270358306189 0.7988664215686274 0.025244299674267102 0.03829656862745098
1 0.5194421824104235 0.8095894607843137 0.030741042345276873 0.0352328431372549
1 0.41459690553745926 0.8233762254901961 0.022190553745928338 0.047487745098039214
1 0.4833061889250814 0.8563112745098039 0.031351791530944625 0.049019607843137254
5 0.48177931596091206 0.24739583333333334 0.014047231270358305 0.02297794117647059
5 0.5753257328990228 0.24816176470588236 0.017915309446254073 0.02144607843137255
5 0.5199511400651465 0.2627144607843137 0.013029315960912053 0.01991421568627451
5 0.4634568403908795 0.2650122549019608 0.012011400651465798 0.02144607843137255
5 0.4807614006514658 0.2665441176470588 0.0124185667752443 0.01838235294117647
5 0.49857491856677527 0.2734375 0.019136807817589578 0.026041666666666668
5 0.5291123778501629 0.2925857843137255 0.019136807817589578 0.027573529411764705