5 0.8113753213367609 0.3927951388888889 0.02892030848329049 0.025173611111111112
0 0.7308804627249358 0.5392071759259259 0.035025706940874035 0.025752314814814815
0 0.6486182519280206 0.6050347222222222 0.03888174807197944 0.023148148148148147
3 0.5578406169665809 0.7335069444444444 0.02506426735218509 0.019675925925925927
0 0.6278566838046273 0.774296875 0.015424164524421594 0.01678240740740741
1 0.5573586118251928 0.8881655092592593 0.03181233933161954 0.03211805555555555
5 0.6283740359897172 0.1714409722222222 0.035668380462724934 0.026331018518518517
5 0.5665167095115681 0.17607060185185186 0.028277634961439587 0.02459490740740741
5 0.5475578406169666 0.1791087962962963 0.02956298200514139 0.02025462962962963
5 0.5919023136246787 0.18127893518518517 0.02570694087403599 0.02459490740740741
5 0.5141388174807198 0.20572916666666666 0.02249357326478149 0.02199074074074074