3 0.28828125 0.21145833333333333 0.0796875 0.10208333333333333
4 0.93828125 0.22916666666666666 0.0453125 0.07916666666666666
4 0.6546875 0.23125 0.05625 0.08333333333333333
2 0.18515625 0.3489583333333333 0.1390625 0.16458333333333333
4 0.6671875 0.4114583333333333 0.065625 0.08958333333333333
4 0.97109375 0.42916666666666664 0.0546875 0.07083333333333333
4 0.33203125 0.43020833333333336 0.0609375 0.09375
0 0.16796875 0.46458333333333335 0.0734375 0.08333333333333333
4 0.353125 0.5052083333333334 0.053125 0.06875
0 0.46328125 0.534375 0.0953125 0.11458333333333333
4 0.3140625 0.553125 0.0625 0.08125
3 0.7078125 0.6177083333333333 0.078125 0.08958333333333333
4 0.359375 0.621875 0.09375 0.07291666666666667
4 0.484375 0.65625 0.071875 0.08333333333333333
4 0.5640625 0.6583333333333333 0.08125 0.08333333333333333
4 0.5421875 0.7541666666666667 0.05625 0.06666666666666667
4 0.64140625 0.9479166666666666 0.0640625 0.08333333333333333