1 0.7077442159383034 0.3485243055555556 0.03888174807197944 0.01880787037037037
1 0.8581298200514139 0.4188368055555556 0.040167095115681235 0.03616898148148148
1 0.8769248071979434 0.43330150462962963 0.030205655526992288 0.03269675925925926
1 0.8658419023136247 0.5562789351851852 0.04209511568123393 0.04311342592592592
1 0.8716259640102828 0.5970775462962963 0.03245501285347044 0.03616898148148148
1 0.8023778920308483 0.6291956018518519 0.03920308483290488 0.037905092592592594
1 0.8393316195372751 0.6370081018518519 0.02442159383033419 0.02980324074074074
1 0.8133033419023136 0.6908275462962963 0.03534704370179949 0.025752314814814815
1 0.7898457583547558 0.6977719907407407 0.021850899742930592 0.024016203703703703
1 0.8340295629820051 0.6999421296296297 0.02474293059125964 0.03009259259259259
1 0.8586182519280205 0.7012442129629629 0.037275064267352186 0.020543981481481483
1 0.804305912596401 0.7133969907407407 0.037275064267352186 0.025752314814814815
1 0.6895886889460154 0.7145543981481481 0.032133676092544985 0.02459490740740741
1 0.6650064267352185 0.7190393518518519 0.03631105398457583 0.03009259259259259
1 0.8190874035989717 0.7271412037037037 0.030205655526992288 0.028935185185185185
1 0.8672847043701799 0.727572337962963 0.02377892030848329 0.020543981481481483
1 0.7136889460154242 0.7284432870370371 0.03598971722365039 0.03674768518518518
1 0.8933161953727506 0.7379918981481481 0.031491002570694086 0.02922453703703704
1 0.6018637532133676 0.7562210648148148 0.031491002570694086 0.025752314814814815
1 0.6428341902313625 0.7883391203703703 0.05430591259640103 0.05063657407407408
1 0.6804305912596401 0.8187210648148148 0.02731362467866324 0.026331018518518517
1 0.7493573264781491 0.8356481481481481 0.04948586118251928 0.04282407407407408
1 0.7035668380462725 0.8421585648148148 0.03695372750642673 0.021122685185185185
1 0.713206940874036 0.8616898148148148 0.04273778920308483 0.032407407407407406
1 0.7267030848329049 0.8946759259259259 0.040167095115681235 0.04398148148148148
1 0.7069408740359897 0.9181134259259259 0.04884318766066838 0.02488425925925926