3 0.4083224967490247 0.4487534626038781 0.044213263979193757 0.036011080332409975
3 0.4759427828348505 0.49930747922437674 0.04161248374512354 0.03462603878116344
3 0.33224967490247076 0.5983379501385041 0.055916775032509754 0.04986149584487535
3 0.3660598179453836 0.6232686980609419 0.04291287386215865 0.05263157894736842
3 0.5949284785435631 0.6371191135734072 0.05071521456436931 0.04155124653739612
3 0.5533159947984395 0.6966759002770083 0.05071521456436931 0.038781163434903045
3 0.6137841352405722 0.7209141274238227 0.04161248374512354 0.04293628808864266
3 0.7574772431729518 0.7299168975069252 0.045513654096228866 0.05817174515235457
3 0.5383615084525357 0.7451523545706371 0.06241872561768531 0.04986149584487535
4 0.2717815344603381 0.8933518005540166 0.036410923276983094 0.0332409972299169
4 0.34785435630689204 0.9106648199445984 0.032509752925877766 0.03185595567867036
4 0.3881664499349805 0.9106648199445984 0.032509752925877766 0.03185595567867036