4 0.8561507936507936 0.29045643153526973 0.11706349206349206 0.0636237897648686
0 0.16468253968253968 0.3326417704011065 0.08333333333333333 0.040110650069156296
2 0.4781746031746032 0.3354080221300138 0.14682539682539683 0.10926694329183956
4 0.6448412698412699 0.3437067773167358 0.06746031746031746 0.056708160442600276
3 0.5684523809523809 0.35131396957123096 0.08531746031746032 0.0636237897648686
4 0.8482142857142857 0.359612724757953 0.07738095238095238 0.06085753803596127
3 0.7113095238095238 0.4315352697095436 0.10515873015873016 0.06085753803596127
3 0.251984126984127 0.483402489626556 0.10714285714285714 0.07330567081604426
4 0.9702380952380952 0.5428769017980636 0.04365079365079365 0.040110650069156296
2 0.42658730158730157 0.6023513139695712 0.1349206349206349 0.0954356846473029
4 0.5089285714285714 0.6141078838174274 0.10119047619047619 0.0636237897648686
4 0.48412698412698413 0.6887966804979253 0.07539682539682539 0.058091286307053944
4 0.18551587301587302 0.7136929460580913 0.13690476190476192 0.07745504840940526
4 0.05654761904761905 0.7876901798063624 0.1130952380952381 0.0677731673582296
4 0.20337301587301587 0.7939142461964038 0.11706349206349206 0.058091286307053944
4 0.5009920634920635 0.7980636237897649 0.08134920634920635 0.04702627939142462
4 0.4523809523809524 0.830567081604426 0.07539682539682539 0.040110650069156296
4 0.3869047619047619 0.84716459197787 0.11507936507936507 0.04564315352697095
4 0.3115079365079365 0.8775933609958506 0.14682539682539683 0.0677731673582296