5 0.6587947882736156 0.38985906862745096 0.018729641693811076 0.029105392156862746
3 0.46447475570032576 0.5752144607843137 0.022190553745928338 0.029105392156862746
3 0.4858509771986971 0.6571691176470589 0.04051302931596091 0.05514705882352941
1 0.4207043973941368 0.7192095588235294 0.04051302931596091 0.05361519607843137
1 0.5437703583061889 0.7199754901960784 0.03623778501628665 0.03982843137254902
1 0.4878868078175896 0.7444852941176471 0.04254885993485342 0.04595588235294118
5 0.5885586319218241 0.2113970588235294 0.024022801302931596 0.030637254901960783
5 0.6582858306188925 0.2190563725490196 0.018933224755700327 0.01838235294117647
5 0.6990024429967426 0.22518382352941177 0.016897394136807818 0.024509803921568627
5 0.5926302931596091 0.23284313725490197 0.018729641693811076 0.024509803921568627
5 0.6267304560260586 0.23743872549019607 0.014861563517915309 0.02144607843137255
5 0.6465798045602605 0.2627144607843137 0.02280130293159609 0.03216911764705882
5 0.6028094462540716 0.26577818627450983 0.019951140065146578 0.026041666666666668
5 0.6302931596091205 0.2757352941176471 0.021986970684039087 0.024509803921568627
5 0.5824511400651465 0.2772671568627451 0.013843648208469055 0.02144607843137255