0 0.28217821782178215 0.3392330383480826 0.07590759075907591 0.05309734513274336
3 0.44884488448844884 0.3746312684365782 0.0858085808580858 0.07079646017699115
4 0.3432343234323432 0.5589970501474927 0.10561056105610561 0.07374631268436578
4 0.4273927392739274 0.5722713864306784 0.056105610561056105 0.07079646017699115
4 0.5297029702970297 0.6430678466076696 0.056105610561056105 0.058997050147492625
4 0.5313531353135313 0.644542772861357 0.0594059405940594 0.05014749262536873
4 0.3333333333333333 0.6887905604719764 0.052805280528052806 0.04424778761061947
4 0.40594059405940597 0.7138643067846607 0.0462046204620462 0.035398230088495575
3 0.22112211221122113 0.7551622418879056 0.0858085808580858 0.07079646017699115
3 0.42244224422442245 0.775811209439528 0.066006600660066 0.058997050147492625
4 0.8481848184818482 0.7831858407079646 0.07260726072607261 0.05014749262536873
3 0.16831683168316833 0.8938053097345132 0.0924092409240924 0.08259587020648967
4 0.5577557755775577 0.15191740412979352 0.07920792079207921 0.07964601769911504
4 0.5676567656765676 0.15486725663716813 0.07920792079207921 0.06784660766961652
3 0.42244224422442245 0.23156342182890854 0.07260726072607261 0.05604719764011799
0 0.2755775577557756 0.23156342182890854 0.0891089108910891 0.07964601769911504
0 0.3927392739273927 0.29056047197640117 0.0858085808580858 0.05604719764011799
0 0.39603960396039606 0.2935103244837758 0.07260726072607261 0.07374631268436578