3 0.4948586118251928 0.29542824074074076 0.055269922879177376 0.03877314814814815
3 0.35347043701799485 0.3190104166666667 0.04562982005141388 0.03153935185185185
3 0.43396529562982006 0.4227430555555556 0.03759640102827763 0.03935185185185185
3 0.2716902313624679 0.5881076388888888 0.04916452442159383 0.035590277777777776
3 0.4323586118251928 0.6257233796296297 0.058804627249357325 0.042534722222222224
3 0.5555912596401028 0.6313657407407407 0.03920308483290488 0.034722222222222224
3 0.5883676092544987 0.6610243055555556 0.055912596401028275 0.051215277777777776
3 0.39267352185089976 0.6947337962962963 0.04627249357326478 0.034722222222222224
3 0.4651349614395887 0.9021990740740741 0.027956298200514137 0.019675925925925927
3 0.4490874035989717 0.92765625 0.02892030848329049 0.021122685185185185
3 0.47847043701799485 0.9602141203703703 0.042416452442159386 0.026331018518518517
3 0.3292095115681234 0.26171875 0.03631105398457583 0.04137731481481482