4 0.15925925925925927 0.965832531280077 0.03148148148148148 0.029836381135707413
4 0.07685185185185185 0.983638113570741 0.04259259259259259 0.030798845043310877
4 0.26296296296296295 0.9846005774783445 0.04814814814814815 0.030798845043310877
4 0.42453703703703705 0.1082771896053898 0.062037037037037036 0.0548604427333975
4 0.47314814814814815 0.1867179980750722 0.046296296296296294 0.04427333974975938
4 0.42314814814814816 0.1881616939364774 0.044444444444444446 0.04138594802694899
4 0.29074074074074074 0.19104908565928777 0.04814814814814815 0.02598652550529355
4 0.5601851851851852 0.19682386910490857 0.037037037037037035 0.04716073147256978
4 0.3101851851851852 0.20837343599615016 0.053703703703703705 0.0356111645813282
4 0.6208333333333333 0.212223291626564 0.030555555555555555 0.03753609239653513
4 0.3527777777777778 0.21414821944177093 0.06111111111111111 0.06256015399422522
4 0.4726851851851852 0.22906641000962463 0.04722222222222222 0.04619826756496631
4 0.6523148148148148 0.2747834456207892 0.04722222222222222 0.05871029836381136
4 0.15 0.28007699711260825 0.04814814814814815 0.04234841193455245
4 0.5217592592592593 0.2959576515880655 0.049074074074074076 0.0548604427333975
4 0.41898148148148145 0.2998075072184793 0.03796296296296296 0.0548604427333975
4 0.44675925925925924 0.3108758421559192 0.041666666666666664 0.03849855630413859
4 0.3111111111111111 0.31328200192492783 0.04814814814814815 0.04908565928777671
4 0.38101851851851853 0.3354186717998075 0.049074074074074076 0.04138594802694899
4 0.624537037037037 0.33589990375360923 0.04537037037037037 0.04427333974975938
4 0.11388888888888889 0.34071222329162654 0.07037037037037037 0.05389797882579403
4 0.19305555555555556 0.34167468719923005 0.05277777777777778 0.05389797882579403
4 0.5412037037037037 0.34600577478344563 0.05277777777777778 0.04331087584215592
4 0.4671296296296296 0.35129932627526467 0.041666666666666664 0.030798845043310877
4 0.03981481481481482 0.35274302213666986 0.044444444444444446 0.0356111645813282
4 0.2657407407407407 0.3575553416746872 0.06666666666666667 0.07988450433108758
4 0.3768518518518518 0.36236766121270453 0.044444444444444446 0.04331087584215592
4 0.0875 0.36429258902791145 0.041666666666666664 0.04138594802694899
4 0.21342592592592594 0.36717998075072183 0.05092592592592592 0.04331087584215592
4 0.4703703703703704 0.3710298363811357 0.03888888888888889 0.04138594802694899
4 0.14027777777777778 0.37151106833493747 0.03425925925925926 0.04427333974975938
4 0.40324074074074073 0.3719923002887392 0.05462962962962963 0.04908565928777671
4 0.21203703703703702 0.37247353224254093 0.08518518518518518 0.09239653512993262
4 0.6236111111111111 0.38402309913378246 0.03981481481481482 0.04042348411934552
4 0.5458333333333333 0.39076034648700675 0.05277777777777778 0.04234841193455245
4 0.37407407407407406 0.39701636188642925 0.05740740740740741 0.04138594802694899
4 0.35462962962962963 0.40279114533205007 0.053703703703703705 0.04138594802694899
4 0.32222222222222224 0.41193455245428295 0.046296296296296294 0.05004812319538017
4 0.44074074074074077 0.42829643888354185 0.044444444444444446 0.03849855630413859
4 0.05925925925925926 0.42829643888354185 0.05740740740740741 0.05582290664100096
4 0.4222222222222222 0.4287776708373436 0.03518518518518519 0.03946102021174206
4 0.6111111111111112 0.43118383060635224 0.04814814814814815 0.03657362848893166
4 0.19907407407407407 0.43888354186718 0.04259259259259259 0.04042348411934552
4 0.15601851851851853 0.4494706448508181 0.03611111111111111 0.0519730510105871
4 0.3731481481481482 0.44995187680461984 0.046296296296296294 0.04331087584215592
4 0.5 0.4504331087584216 0.03888888888888889 0.05004812319538017
4 0.5328703703703703 0.4624639076034649 0.030555555555555555 0.05678537054860443
4 0.29212962962962963 0.4687199230028874 0.04537037037037037 0.05389797882579403
4 0.4837962962962963 0.47112608277189605 0.041666666666666664 0.06256015399422522
4 0.18472222222222223 0.47593840230991336 0.049074074074074076 0.05678537054860443
4 0.26805555555555555 0.4773820981713186 0.05277777777777778 0.04427333974975938
4 0.043055555555555555 0.4788257940327238 0.058333333333333334 0.06448508180943215
4 0.09166666666666666 0.49037536092396533 0.053703703703703705 0.04331087584215592
4 0.4046296296296296 0.49951876804619827 0.046296296296296294 0.05389797882579403
4 0.2361111111111111 0.5019249278152069 0.04814814814814815 0.04331087584215592
4 0.35833333333333334 0.5067372473532242 0.046296296296296294 0.04138594802694899
4 0.29953703703703705 0.5081809432146295 0.041666666666666664 0.04042348411934552
4 0.1300925925925926 0.5110683349374399 0.05648148148148148 0.04812319538017324
4 0.22453703703703703 0.5182868142444659 0.03425925925925926 0.03753609239653513
4 0.6078703703703704 0.5221366698748797 0.03981481481481482 0.04138594802694899
4 0.17314814814814813 0.5293551491819056 0.03888888888888889 0.04812319538017324
4 0.2689814814814815 0.5307988450433109 0.03611111111111111 0.03176130895091434
4 0.48657407407407405 0.541385948026949 0.05092592592592592 0.03946102021174206
4 0.525 0.5457170356111646 0.05 0.04234841193455245
4 0.04675925925925926 0.5461982675649664 0.041666666666666664 0.068334937439846
4 0.3819444444444444 0.5500481231953802 0.04537037037037037 0.03176130895091434
4 0.21157407407407408 0.5553416746871992 0.049074074074074076 0.03849855630413859
4 0.5601851851851852 0.5553416746871992 0.044444444444444446 0.04234841193455245
4 0.4476851851851852 0.5582290664100096 0.04351851851851852 0.03849855630413859
4 0.3416666666666667 0.5587102983638114 0.046296296296296294 0.04331087584215592
4 0.27870370370370373 0.5635226179018287 0.040740740740740744 0.04716073147256978
4 0.10648148148148148 0.566410009624639 0.044444444444444446 0.05678537054860443
4 0.3074074074074074 0.5842155919153031 0.046296296296296294 0.03849855630413859
4 0.13425925925925927 0.5871029836381135 0.03888888888888889 0.03657362848893166
4 0.46944444444444444 0.6063522617901829 0.04814814814814815 0.05389797882579403
4 0.17175925925925925 0.6106833493743985 0.030555555555555555 0.03176130895091434
4 0.4023148148148148 0.6154956689124158 0.049074074074074076 0.03946102021174206
4 0.4393518518518518 0.6227141482194418 0.05092592592592592 0.04042348411934552
4 0.06944444444444445 0.624157844080847 0.03888888888888889 0.04331087584215592
4 0.23472222222222222 0.6246390760346487 0.05277777777777778 0.04812319538017324
4 0.14166666666666666 0.6256015399422522 0.046296296296296294 0.04427333974975938
4 0.4962962962962963 0.6318575553416746 0.02962962962962963 0.0356111645813282
4 0.16898148148148148 0.6381135707410972 0.03425925925925926 0.03849855630413859
4 0.31574074074074077 0.6443695861405198 0.04259259259259259 0.04138594802694899
4 0.09814814814814815 0.6487006737247353 0.03333333333333333 0.032723772858517804
4 0.2722222222222222 0.6554379210779596 0.03888888888888889 0.03464870067372473
4 0.4476851851851852 0.6578440808469682 0.05648148148148148 0.0548604427333975
4 0.5273148148148148 0.6588065447545717 0.028703703703703703 0.03368623676612127
4 0.37546296296296294 0.6602502406159769 0.032407407407407406 0.03849855630413859
4 0.39861111111111114 0.6737247353224254 0.032407407407407406 0.04619826756496631
4 0.15231481481481482 0.6804619826756496 0.04537037037037037 0.04812319538017324
4 0.4875 0.6823869104908566 0.03425925925925926 0.03657362848893166
4 0.42685185185185187 0.6900866217516843 0.04259259259259259 0.03849855630413859
4 0.3 0.6944177093358999 0.040740740740740744 0.029836381135707413
4 0.5282407407407408 0.6968238691049086 0.058333333333333334 0.05004812319538017
4 0.25555555555555554 0.7059672762271415 0.04814814814814815 0.03368623676612127
4 0.2152777777777778 0.7112608277189605 0.049074074074074076 0.04619826756496631
4 0.11666666666666667 0.7131857555341675 0.03148148148148148 0.03849855630413859
4 0.15555555555555556 0.7228103946102021 0.04259259259259259 0.04812319538017324
4 0.3972222222222222 0.7396535129932628 0.04259259259259259 0.05101058710298364
4 0.18518518518518517 0.7550529355149181 0.04814814814814815 0.05678537054860443
4 0.3199074074074074 0.7690086621751684 0.041666666666666664 0.032723772858517804
4 0.2222222222222222 0.773339749759384 0.053703703703703705 0.04331087584215592
4 0.44675925925925924 0.7738209817131858 0.03796296296296296 0.03464870067372473
4 0.41203703703703703 0.7810394610202117 0.05 0.05101058710298364
4 0.5027777777777778 0.7906641000962464 0.04259259259259259 0.06063522617901829
4 0.19722222222222222 0.8007699711260827 0.04814814814814815 0.03464870067372473
4 0.45231481481481484 0.8113570741097209 0.030555555555555555 0.04812319538017324
4 0.35694444444444445 0.8142444658325313 0.028703703703703703 0.03657362848893166
4 0.12685185185185185 0.8156881616939364 0.044444444444444446 0.03368623676612127
4 0.324537037037037 0.8224254090471608 0.041666666666666664 0.0548604427333975
4 0.15925925925925927 0.8358999037536092 0.03888888888888889 0.03368623676612127
4 0.40185185185185185 0.8411934552454283 0.053703703703703705 0.04812319538017324
4 0.49444444444444446 0.8431183830606352 0.05185185185185185 0.04427333974975938
4 0.3712962962962963 0.856111645813282 0.03518518518518519 0.04331087584215592
4 0.15555555555555556 0.8618864292589028 0.02962962962962963 0.03176130895091434
4 0.38842592592592595 0.8796920115495669 0.041666666666666664 0.03849855630413859
4 0.31157407407407406 0.9205967276227142 0.028703703703703703 0.02791145332050048
4 0.3990740740740741 0.9254090471607315 0.044444444444444446 0.0356111645813282
4 0.36435185185185187 0.9297401347449471 0.032407407407407406 0.03464870067372473
4 0.28935185185185186 0.9350336862367661 0.05277777777777778 0.03753609239653513
4 0.16898148148148148 0.9379210779595765 0.04537037037037037 0.04331087584215592